# format: (x, y, z, hit-index, phi, theta, q/p, t, chi2, seed-index)+
-596.773, -699.456, 1616.94, 1853, -2.12192, 0.521023, -1.04144, 1889.38, 7.08224, 0, -585.054, -681.386, 1581.32, 1849, -2.12869, 0.521023, -1.04144, 1845.54, 0.0106582, 0, -566.914, -651.963, 1518.87, 1844, -2.13952, 0.521023, -1.04144, 1775.47, 14.832, 0, -556.458, -638.361, 1491.32, 1839, -2.14495, 0.521023, -1.04144, 1740.31, 3.83236, 0, -536.006, -605.003, 1422.96, 1822, -2.15716, 0.521023, -1.04144, 1661.28, 2.11197, 0, -526.56, -590.497, 1391.29, 1819, -2.16257, 0.521023, -1.04144, 1626.2, 18.3695, 0, -517.044, -576.056, 1365.92, 1815, -2.16799, 0.521023, -1.04144, 1591.16, 5.69539, 0, -507.483, -561.654, 1333.32, 1812, -2.1734, 0.521023, -1.04144, 1556.13, 0.381772, 0, -497.084, -548.007, 1303.78, 1810, -2.17881, 0.521023, -1.04144, 1521.13, 0.918539, 0, -477.665, -519.471, 1244.75, 1804, -2.18961, 0.521023, -1.04144, 1451.21, 15.2578, 0, -457.378, -491.717, 1182.03, 1798, -2.2004, 0.521023, -1.04144, 1381.37, 2.29673, 0, -449.861, -481.188, 1159.04, 1787, -2.20444, 0.521023, -1.04144, 1355.16, 1.90081, 0, -441.976, -470.974, 1136.19, 1766, -2.2085, 0.521023, -1.04144, 1328.91, 3.71617, 0, -421.367, -443.332, 1073.98, 1694, -2.21929, 0.521023, -1.04144, 1259.05, 18.68, 0, -413.32, -433.275, 1055.74, 1670, -2.22334, 0.521023, -1.04144, 1232.84, 1.03492e-10, 0
-548.496, -622.519, 1467.12, 1828, -2.14946, 0.511556, -1.12516, 1698.76, 0.52475, 1, -517.044, -576.056, 1365.92, 1815, -2.16881, 0.511556, -1.12516, 1582.63, 1.68884, 1, -507.483, -561.654, 1333.32, 1812, -2.17475, 0.511556, -1.12516, 1546.96, 26.1841, 1, -497.084, -548.007, 1303.78, 1810, -2.18069, 0.511556, -1.12516, 1511.32, 28.3963, 1, -485.246, -529.903, 1270.57, 1806, -2.1881, 0.511556, -1.12516, 1466.81, 3.99159, 1, -477.665, -519.471, 1244.75, 1804, -2.19255, 0.511556, -1.12516, 1440.13, 2.16525, 1, -470.064, -509.057, 1223.99, 1802, -2.19699, 0.511556, -1.12516, 1413.45, 6.27932, 1, -457.378, -491.717, 1182.03, 1798, -2.20439, 0.511556, -1.12516, 1369.02, 3.2971, 1, -449.861, -481.188, 1159.04, 1787, -2.20884, 0.511556, -1.12516, 1342.33, 8.81146, 1, -441.976, -470.974, 1136.19, 1766, -2.21328, 0.511556, -1.12516, 1315.62, 21.6246, 1, -434.02, -460.828, 1118.6, 1741, -2.2177, 0.511556, -1.12516, 1289.05, 26.5744, 1, -421.367, -443.332, 1073.98, 1694, -2.22511, 0.511556, -1.12516, 1244.55, 8.70054e-10, 1
-548.496, -622.519, 1467.12, 1828, -2.14181, 0.511465, -1.31913, 1703.19, 1.53036, 2, -517.044, -576.056, 1365.92, 1815, -2.16451, 0.511465, -1.31913, 1586.42, 2.21892, 2, -507.483, -561.654, 1333.32, 1812, -2.17149, 0.511465, -1.31913, 1550.57, 27.9873, 2, -497.084, -548.007, 1303.78, 1810, -2.17845, 0.511465, -1.31913, 1514.75, 29.5854, 2, -485.246, -529.903, 1270.57, 1806, -2.18714, 0.511465, -1.31913, 1470.03, 3.65147, 2, -477.665, -519.471, 1244.75, 1804, -2.19235, 0.511465, -1.31913, 1443.22, 2.67224, 2, -470.064, -509.057, 1223.99, 1802, -2.19756, 0.511465, -1.31913, 1416.43, 5.37687, 2, -457.378, -491.717, 1182.03, 1798, -2.20623, 0.511465, -1.31913, 1371.79, 4.10861, 2, -449.861, -481.188, 1159.04, 1787, -2.21144, 0.511465, -1.31913, 1344.98, 10.5509, 2, -441.976, -470.974, 1136.19, 1766, -2.21665, 0.511465, -1.31913, 1318.17, 25.8998, 2, -434.02, -460.828, 1118.6, 1741, -2.2218, 0.511465, -1.31913, 1291.52, 20.6304, 2, -421.367, -443.332, 1073.98, 1694, -2.23047, 0.511465, -1.31913, 1246.86, 8.70054e-10, 2
-597.28, -699.03, 1634.05, 1852, -2.1316, 0.50774, -0.891232, 1879.4, 15.9021, 3, -548.496, -622.519, 1467.12, 1828, -2.15651, 0.50774, -0.891232, 1691.49, 2.4807, 3, -517.044, -576.056, 1365.92, 1815, -2.17192, 0.50774, -0.891232, 1575.19, 28.5496, 3, -485.246, -529.903, 1270.57, 1806, -2.18733, 0.50774, -0.891232, 1459.14, 2.57426, 3, -477.665, -519.471, 1244.75, 1804, -2.19088, 0.50774, -0.891232, 1432.39, 2.87414, 3, -470.064, -509.057, 1223.99, 1802, -2.19443, 0.50774, -0.891232, 1405.65, 8.06245, 3, -457.378, -491.717, 1182.03, 1798, -2.20033, 0.50774, -0.891232, 1361.1, 0.15181, 3, -449.861, -481.188, 1159.04, 1787, -2.20388, 0.50774, -0.891232, 1334.33, 0.312617, 3, -441.976, -470.974, 1136.19, 1766, -2.20744, 0.50774, -0.891232, 1307.52, 4.30136e-09, 3
-526.56, -590.497, 1391.29, 1819, -2.14994, 0.576488, -1.43228, 1692.93, 1.55816, 4, -517.044, -576.056, 1365.92, 1815, -2.15675, 0.576488, -1.43228, 1660.57, 25.7084, 4, -507.483, -561.654, 1333.32, 1812, -2.16354, 0.576488, -1.43228, 1628.31, 18.6625, 4, -492.867, -540.299, 1298.38, 1808, -2.17374, 0.576488, -1.43228, 1579.88, 4.69269e-10, 4
-596.773, -699.456, 1616.94, 1853, -2.12085, 0.523755, -1.23431, 1897.37, 1.62416, 5, -585.054, -681.386, 1581.32, 1849, -2.12884, 0.523755, -1.23431, 1853.55, 3.3679, 5, -566.914, -651.963, 1518.87, 1844, -2.14161, 0.523755, -1.23431, 1783.54, 5.06769, 5, -556.458, -638.361, 1491.32, 1839, -2.14801, 0.523755, -1.23431, 1748.42, 3.09223, 5, -536.006, -605.003, 1422.96, 1822, -2.16241, 0.523755, -1.23431, 1669.48, 3.71619e-09, 5
966.484, -706.697, -847.822, 4614, -1.64368, 1.95756, 8.70781, 3587.06, 0.0354403, 6, 968.232, -667.412, -832.363, 4607, -1.5882, 1.95756, 8.70781, 3520.16, 1.22816, 6, 966.181, -600.223, -804.238, 4594, -1.49336, 1.95756, 8.70781, 3405.8, 2.17762e-09, 6
712.989, -566.901, 483.212, 2538, -1.70521, 1.42088, 12.3901, 6657.08, 2.84341, 7, 715.948, -527.869, 476.02, 2534, -1.62909, 1.42088, 12.3901, 6575.19, 19.0473, 7, 719.704, -485.433, 469.643, 2530, -1.55731, 1.42088, 12.3901, 6498, 12.0939, 7, 716.429, -459.403, 465.81, 2527, -1.50253, 1.42088, 12.3901, 6439.07, 0.0921088, 7, 712.868, -424.552, 460.963, 2525, -1.43662, 1.42088, 12.3901, 6368.18, 4.22803e-10, 7
715.948, -527.869, 476.02, 2534, -1.70245, 1.41262, 12.9923, 6464.74, 0.768312, 8, 719.704, -485.433, 469.643, 2530, -1.61818, 1.41262, 12.9923, 6375.13, 5.86779, 8, 721.643, -442.991, 462.231, 2528, -1.53957, 1.41262, 12.9923, 6291.55, 11.2093, 8, 718.118, -415.459, 457.867, 2526, -1.47979, 1.41262, 12.9923, 6227.98, 2.87894e-10, 8
979.542, -650.644, -821.961, 4608, -1.51601, 1.96021, 8.26073, 3422.69, 0.0770008, 9, 977.743, -613.988, -806.923, 4601, -1.46885, 1.96021, 8.26073, 3364.57, 12.6221, 9, 972.62, -589.919, -796.93, 4595, -1.4324, 1.96021, 8.26073, 3319.64, 2.1203, 9, 968.06, -555.396, -782.661, 4589, -1.38737, 1.96021, 8.26073, 3264.14, 0.860372, 9, 962.203, -531.209, -772.618, 4584, -1.35259, 1.96021, 8.26073, 3221.27, 13.4698, 9, 958.087, -502.527, -760.103, 4579, -1.31806, 1.96021, 8.26073, 3178.71, 9.42511, 9, 950.172, -480.765, -750.656, 4574, -1.28455, 1.96021, 8.26073, 3137.41, 4.25732e-10, 9
721.643, -442.991, 462.231, 2528, -1.46916, 1.41754, 12.1491, 6012.72, 0.0814604, 10, 718.118, -415.459, 457.867, 2526, -1.41799, 1.41754, 12.1491, 5957.41, 0.169697, 10, 713.724, -388.43, 453.729, 2524, -1.36857, 1.41754, 12.1491, 5903.99, 0.690671, 10, 707.527, -363.66, 449.631, 2522, -1.3205, 1.41754, 12.1491, 5852.02, 1.32813e-10, 10
721.643, -442.991, 462.231, 2528, -1.43948, 1.41885, 11.9633, 6194.87, 8.35079, 11, 718.118, -415.459, 457.867, 2526, -1.39076, 1.41885, 11.9633, 6141.99, 4.96269, 11, 713.724, -388.43, 453.729, 2524, -1.34364, 1.41885, 11.9633, 6090.85, 0.49615, 11, 707.527, -363.66, 449.631, 2522, -1.29758, 1.41885, 11.9633, 6040.86, 2.95455, 11, 699.811, -340.697, 445.697, 2519, -1.25246, 1.41885, 11.9633, 5991.89, 2.09807, 11, 690.409, -320.889, 442.378, 2515, -1.20865, 1.41885, 11.9633, 5944.34, 13.9212, 11, 682.836, -295.858, 438.675, 2514, -1.16552, 1.41885, 11.9633, 5897.54, 0.241012, 11, 675.673, -279.866, 435.739, 2508, -1.1338, 1.41885, 11.9633, 5863.11, 1.16975, 11, 667.716, -265.323, 433.488, 2505, -1.10247, 1.41885, 11.9633, 5829.1, 3.89991e-10, 11
958.087, -502.527, -760.103, 4579, -1.24442, 1.97745, 8.00771, 2914.38, 0.990427, 12, 950.172, -480.765, -750.656, 4574, -1.21394, 1.97745, 8.00771, 2876.3, 0.211192, 12, 941.654, -459.221, -741.233, 4569, -1.18354, 1.97745, 8.00771, 2838.32, 0.780119, 12, 933.23, -437.485, -731.223, 4564, -1.15395, 1.97745, 8.00771, 2801.34, 1.11521, 12, 923.387, -417.731, -721.821, 4559, -1.12438, 1.97745, 8.00771, 2764.4, 2.33852, 12, 913.807, -397.206, -710.752, 4554, -1.09538, 1.97745, 8.00771, 2728.17, 1.12286, 12, 905.876, -383.4, -704.328, 4549, -1.074, 1.97745, 8.00771, 2701.45, 1.42392e-10, 12
721.643, -442.991, 462.231, 2528, -1.43985, 1.41694, 12.1244, 6167.92, 8.52226, 13, 718.118, -415.459, 457.867, 2526, -1.39044, 1.41694, 12.1244, 6114.48, 4.66465, 13, 713.724, -388.43, 453.729, 2524, -1.3427, 1.41694, 12.1244, 6062.84, 0.262743, 13, 707.527, -363.66, 449.631, 2522, -1.29607, 1.41694, 12.1244, 6012.41, 2.56141, 13, 699.811, -340.697, 445.697, 2519, -1.25041, 1.41694, 12.1244, 5963.03, 1.56067, 13, 690.409, -320.889, 442.378, 2515, -1.20611, 1.41694, 12.1244, 5915.11, 14.9963, 13, 682.836, -295.858, 438.675, 2514, -1.1625, 1.41694, 12.1244, 5867.95, 0.336601, 13, 675.673, -279.866, 435.739, 2508, -1.13046, 1.41694, 12.1244, 5833.3, 1.1544, 13, 667.716, -265.323, 433.488, 2505, -1.09879, 1.41694, 12.1244, 5799.05, 0.546638, 13, 662.553, -255.28, 431.297, 2502, -1.07816, 1.41694, 12.1244, 5776.73, 0.269712, 13, 653.94, -241.535, 429.007, 2500, -1.04705, 1.41694, 12.1244, 5743.09, 1.15103, 13, 648.558, -231.324, 426.994, 2497, -1.0267, 1.41694, 12.1244, 5721.08, 1.12957e-10, 13
721.643, -442.991, 462.231, 2528, -1.4433, 1.41734, 11.941, 6031.49, 5.34504, 14, 718.118, -415.459, 457.867, 2526, -1.39446, 1.41734, 11.941, 5978.46, 2.80999, 14, 713.724, -388.43, 453.729, 2524, -1.34722, 1.41734, 11.941, 5927.16, 0.910721, 14, 707.527, -363.66, 449.631, 2522, -1.30105, 1.41734, 11.941, 5877.03, 4.94147, 14, 699.811, -340.697, 445.697, 2519, -1.25583, 1.41734, 11.941, 5827.92, 3.53398, 14, 690.409, -320.889, 442.378, 2515, -1.21192, 1.41734, 11.941, 5780.25, 13.106, 14, 682.836, -295.858, 438.675, 2514, -1.16872, 1.41734, 11.941, 5733.34, 0.135342, 14, 675.673, -279.866, 435.739, 2508, -1.13691, 1.41734, 11.941, 5698.79, 1.06304e-10, 14
721.643, -442.991, 462.231, 2528, -1.46513, 1.41718, 13.008, 6253.04, 0.0597847, 15, 718.118, -415.459, 457.867, 2526, -1.41076, 1.41718, 13.008, 6195.24, 0.556451, 15, 713.724, -388.43, 453.729, 2524, -1.35847, 1.41718, 13.008, 6139.65, 11.6515, 15, 707.527, -363.66, 449.631, 2522, -1.30769, 1.41718, 13.008, 6085.67, 25.5394, 15, 699.811, -340.697, 445.697, 2519, -1.29806, 1.41136, 12.907, 6037.98, 27.0563, 15, 690.409, -320.889, 442.378, 2515, -1.24881, 1.41136, 12.907, 5985.53, 0.342503, 15, 682.836, -295.858, 438.675, 2514, -1.20045, 1.41136, 12.907, 5934.03, 2.26131, 15, 675.673, -279.866, 435.739, 2508, -1.16509, 1.41136, 12.907, 5896.37, 1.06304e-10, 15
715.948, -527.869, 476.02, 2534, -1.66471, 1.41136, 12.907, 6428.46, 21.0677, 15, 716.429, -459.403, 465.81, 2527, -1.52696, 1.41136, 12.907, 6281.75, 6.35453, 15, 712.868, -424.552, 460.963, 2525, -1.45609, 1.41136, 12.907, 6206.28, 1.65258, 15, 709.195, -396.714, 455.9, 2523, -1.40185, 1.41136, 12.907, 6148.51, 1.28841, 15, 703.323, -371.566, 451.205, 2521, -1.34905, 1.41136, 12.907, 6092.28, 17.0071, 15, 699.811, -340.697, 445.697, 2519, -1.29806, 1.41136, 12.907, 6037.98, 27.0563, 15, 690.409, -320.889, 442.378, 2515, -1.24881, 1.41136, 12.907, 5985.53, 0.342503, 15, 682.836, -295.858, 438.675, 2514, -1.20045, 1.41136, 12.907, 5934.03, 2.26131, 15, 675.673, -279.866, 435.739, 2508, -1.16509, 1.41136, 12.907, 5896.37, 1.06304e-10, 15
923.387, -417.731, -721.821, 4559, -1.04678, 1.99173, 6.69996, 2385.62, 24.0018, 16, 913.807, -397.206, -710.752, 4554, -1.02372, 1.99173, 6.69996, 2354.19, 6.09637, 16, 905.876, -383.4, -704.328, 4549, -1.00665, 1.99173, 6.69996, 2330.92, 3.53405, 16, 894.895, -364.93, -695.222, 4544, -0.983688, 1.99173, 6.69996, 2299.61, 2.20279, 16, 883.132, -348.396, -686.67, 4538, -0.961075, 1.99173, 6.69996, 2268.78, 1.14473, 16, 870.894, -332.918, -679.042, 4532, -0.938736, 1.99173, 6.69996, 2238.33, 3.60029, 16, 858.357, -317.367, -669.473, 4526, -0.91627, 1.99173, 6.69996, 2207.7, 6.76104, 16, 846.132, -300.958, -658.521, 4521, -0.894123, 1.99173, 6.69996, 2177.51, 1.23062e-09, 16
713.724, -388.43, 453.729, 2524, -1.30503, 1.41243, 11.6024, 5330.99, 28.711, 17, 699.811, -340.697, 445.697, 2519, -1.21953, 1.41243, 11.6024, 5237.43, 26.2918, 17, 682.836, -295.858, 438.675, 2514, -1.10849, 1.41358, 11.3971, 5140.5, 4.92173, 17, 675.673, -279.866, 435.739, 2508, -1.07954, 1.41358, 11.3971, 5108.66, 1.28493, 17, 667.716, -265.323, 433.488, 2505, -1.05098, 1.41358, 11.3971, 5077.25, 1.79706, 17, 662.553, -255.28, 431.297, 2502, -1.0323, 1.41358, 11.3971, 5056.7, 0.179, 17, 653.94, -241.535, 429.007, 2500, -1.00411, 1.41358, 11.3971, 5025.7, 0.370569, 17, 648.558, -231.324, 426.994, 2497, -0.985598, 1.41358, 11.3971, 5005.34, 3.005, 17, 638.973, -220.176, 424.576, 2495, -0.958263, 1.41358, 11.3971, 4975.27, 0.644443, 17, 633.277, -210.037, 422.65, 2493, -0.939895, 1.41358, 11.3971, 4955.07, 2.86911, 17, 623.569, -198.413, 420.174, 2490, -0.912788, 1.41358, 11.3971, 4925.26, 0.641159, 17, 616.999, -190.966, 418.517, 2487, -0.894994, 1.41358, 11.3971, 4905.69, 1.97332e-10, 17
702.572, -335.035, 444.426, 2520, -1.18721, 1.41358, 11.3971, 5227.07, 5.89267, 17, 682.836, -295.858, 438.675, 2514, -1.10849, 1.41358, 11.3971, 5140.5, 4.92173, 17, 675.673, -279.866, 435.739, 2508, -1.07954, 1.41358, 11.3971, 5108.66, 1.28493, 17, 667.716, -265.323, 433.488, 2505, -1.05098, 1.41358, 11.3971, 5077.25, 1.79706, 17, 662.553, -255.28, 431.297, 2502, -1.0323, 1.41358, 11.3971, 5056.7, 0.179, 17, 653.94, -241.535, 429.007, 2500, -1.00411, 1.41358, 11.3971, 5025.7, 0.370569, 17, 648.558, -231.324, 426.994, 2497, -0.985598, 1.41358, 11.3971, 5005.34, 3.005, 17, 638.973, -220.176, 424.576, 2495, -0.958263, 1.41358, 11.3971, 4975.27, 0.644443, 17, 633.277, -210.037, 422.65, 2493, -0.939895, 1.41358, 11.3971, 4955.07, 2.86911, 17, 623.569, -198.413, 420.174, 2490, -0.912788, 1.41358, 11.3971, 4925.26, 0.641159, 17, 616.999, -190.966, 418.517, 2487, -0.894994, 1.41358, 11.3971, 4905.69, 1.97332e-10, 17
713.724, -388.43, 453.729, 2524, -1.30833, 1.41302, 11.7646, 5580.34, 24.7413, 18, 699.811, -340.697, 445.697, 2519, -1.22143, 1.41302, 11.7646, 5485.59, 23.6248, 18, 682.836, -295.858, 438.675, 2514, -1.10992, 1.41454, 11.5664, 5387.78, 4.45322, 18, 675.673, -279.866, 435.739, 2508, -1.08052, 1.41454, 11.5664, 5355.57, 1.01737, 18, 667.716, -265.323, 433.488, 2505, -1.05152, 1.41454, 11.5664, 5323.81, 1.82094, 18, 662.553, -255.28, 431.297, 2502, -1.03255, 1.41454, 11.5664, 5303.04, 0.100599, 18, 653.94, -241.535, 429.007, 2500, -1.00395, 1.41454, 11.5664, 5271.71, 0.546236, 18, 648.558, -231.324, 426.994, 2497, -0.985167, 1.41454, 11.5664, 5251.14, 3.13939, 18, 638.973, -220.176, 424.576, 2495, -0.957441, 1.41454, 11.5664, 5220.77, 0.757605, 18, 633.277, -210.037, 422.65, 2493, -0.938815, 1.41454, 11.5664, 5200.37, 2.8615, 18, 623.569, -198.413, 420.174, 2490, -0.911334, 1.41454, 11.5664, 5170.27, 0.637203, 18, 616.999, -190.966, 418.517, 2487, -0.893296, 1.41454, 11.5664, 5150.51, 1.97332e-10, 18
702.572, -335.035, 444.426, 2520, -1.18994, 1.41454, 11.5664, 5475.42, 6.1355, 18, 682.836, -295.858, 438.675, 2514, -1.10992, 1.41454, 11.5664, 5387.78, 4.45322, 18, 675.673, -279.866, 435.739, 2508, -1.08052, 1.41454, 11.5664, 5355.57, 1.01737, 18, 667.716, -265.323, 433.488, 2505, -1.05152, 1.41454, 11.5664, 5323.81, 1.82094, 18, 662.553, -255.28, 431.297, 2502, -1.03255, 1.41454, 11.5664, 5303.04, 0.100599, 18, 653.94, -241.535, 429.007, 2500, -1.00395, 1.41454, 11.5664, 5271.71, 0.546236, 18, 648.558, -231.324, 426.994, 2497, -0.985167, 1.41454, 11.5664, 5251.14, 3.13939, 18, 638.973, -220.176, 424.576, 2495, -0.957441, 1.41454, 11.5664, 5220.77, 0.757605, 18, 633.277, -210.037, 422.65, 2493, -0.938815, 1.41454, 11.5664, 5200.37, 2.8615, 18, 623.569, -198.413, 420.174, 2490, -0.911334, 1.41454, 11.5664, 5170.27, 0.637203, 18, 616.999, -190.966, 418.517, 2487, -0.893296, 1.41454, 11.5664, 5150.51, 1.97332e-10, 18
702.572, -335.035, 444.426, 2520, -1.1842, 1.41369, 11.6624, 5336.58, 3.49558, 19, 682.836, -295.858, 438.675, 2514, -1.10388, 1.41369, 11.6624, 5248.81, 9.3841, 19, 675.673, -279.866, 435.739, 2508, -1.07436, 1.41369, 11.6624, 5216.55, 4.60971, 19, 667.716, -265.323, 433.488, 2505, -1.04527, 1.41369, 11.6624, 5184.76, 6.83503, 19, 653.94, -241.535, 429.007, 2500, -0.997557, 1.41369, 11.6624, 5132.62, 2.26591, 19, 648.558, -231.324, 426.994, 2497, -0.978715, 1.41369, 11.6624, 5112.03, 0.699361, 19, 638.973, -220.176, 424.576, 2495, -0.950929, 1.41369, 11.6624, 5081.66, 1.84355, 19, 633.277, -210.037, 422.65, 2493, -0.932248, 1.41369, 11.6624, 5061.25, 2.157, 19, 623.569, -198.413, 420.174, 2490, -0.904672, 1.41369, 11.6624, 5031.11, 1.69763, 19, 616.999, -190.966, 418.517, 2487, -0.886568, 1.41369, 11.6624, 5011.33, 1.34929, 19, 606.787, -180.332, 416.314, 2484, -0.859376, 1.41369, 11.6624, 4981.61, 2.04084e-10, 19
721.643, -442.991, 462.231, 2528, -1.43819, 1.41522, 12.3411, 5896.5, 13.0321, 20, 718.118, -415.459, 457.867, 2526, -1.38797, 1.41522, 12.3411, 5842.43, 8.83796, 20, 713.724, -388.43, 453.729, 2524, -1.33949, 1.41522, 12.3411, 5790.24, 0.352028, 20, 707.527, -363.66, 449.631, 2522, -1.2922, 1.41522, 12.3411, 5739.32, 0.259635, 20, 699.811, -340.697, 445.697, 2519, -1.24592, 1.41522, 12.3411, 5689.49, 0.279429, 20, 690.409, -320.889, 442.378, 2515, -1.20104, 1.41522, 12.3411, 5641.17, 26.2583, 20, 682.836, -295.858, 438.675, 2514, -1.1569, 1.41522, 12.3411, 5593.65, 0.446042, 20, 675.673, -279.866, 435.739, 2508, -1.12451, 1.41522, 12.3411, 5558.77, 0.116069, 20, 667.716, -265.323, 433.488, 2505, -1.09247, 1.41522, 12.3411, 5524.27, 0.295773, 20, 662.553, -255.28, 431.297, 2502, -1.07158, 1.41522, 12.3411, 5501.79, 0.376299, 20, 653.94, -241.535, 429.007, 2500, -1.04018, 1.41522, 12.3411, 5467.97, 0.213301, 20, 648.558, -231.324, 426.994, 2497, -1.01958, 1.41522, 12.3411, 5445.8, 3.00192, 20, 638.973, -220.176, 424.576, 2495, -0.989165, 1.41522, 12.3411, 5413.05, 2.83311, 20, 633.277, -210.037, 422.65, 2493, -0.968829, 1.41522, 12.3411, 5391.15, 2.88232e-10, 20
702.572, -335.035, 444.426, 2520, -1.19398, 1.41496, 11.2016, 5116.74, 12.5035, 21, 682.836, -295.858, 438.675, 2514, -1.1535, 1.41434, 11.422, 5038.14, 1.15068, 21, 675.673, -279.866, 435.739, 2508, -1.12361, 1.41434, 11.422, 5005.29, 0.183041, 21, 667.716, -265.323, 433.488, 2505, -1.09396, 1.41434, 11.422, 4972.69, 0.17236, 21, 662.553, -255.28, 431.297, 2502, -1.0746, 1.41434, 11.422, 4951.41, 0.380111, 21, 653.94, -241.535, 429.007, 2500, -1.04546, 1.41434, 11.422, 4919.38, 0.0411414, 21, 648.558, -231.324, 426.994, 2497, -1.02632, 1.41434, 11.422, 4898.33, 3.08073, 21, 638.973, -220.176, 424.576, 2495, -0.99799, 1.41434, 11.422, 4867.2, 2.67889, 21, 633.277, -210.037, 422.65, 2493, -0.979031, 1.41434, 11.422, 4846.36, 2.88232e-10, 21
718.118, -415.459, 457.867, 2526, -1.36458, 1.41434, 11.422, 5270.15, 26.5974, 21, 713.724, -388.43, 453.729, 2524, -1.3206, 1.41434, 11.422, 5221.82, 8.45708, 21, 707.527, -363.66, 449.631, 2522, -1.27762, 1.41434, 11.422, 5174.57, 4.59442, 21, 699.811, -340.697, 445.697, 2519, -1.23529, 1.41434, 11.422, 5128.04, 11.8598, 21, 682.836, -295.858, 438.675, 2514, -1.1535, 1.41434, 11.422, 5038.14, 1.15068, 21, 675.673, -279.866, 435.739, 2508, -1.12361, 1.41434, 11.422, 5005.29, 0.183041, 21, 667.716, -265.323, 433.488, 2505, -1.09396, 1.41434, 11.422, 4972.69, 0.17236, 21, 662.553, -255.28, 431.297, 2502, -1.0746, 1.41434, 11.422, 4951.41, 0.380111, 21, 653.94, -241.535, 429.007, 2500, -1.04546, 1.41434, 11.422, 4919.38, 0.0411414, 21, 648.558, -231.324, 426.994, 2497, -1.02632, 1.41434, 11.422, 4898.33, 3.08073, 21, 638.973, -220.176, 424.576, 2495, -0.99799, 1.41434, 11.422, 4867.2, 2.67889, 21, 633.277, -210.037, 422.65, 2493, -0.979031, 1.41434, 11.422, 4846.36, 2.88232e-10, 21
721.643, -442.991, 462.231, 2528, -1.43408, 1.41616, 11.8488, 5718.86, 12.3135, 22, 718.118, -415.459, 457.867, 2526, -1.38606, 1.41616, 11.8488, 5666.61, 7.11565, 22, 713.724, -388.43, 453.729, 2524, -1.33959, 1.41616, 11.8488, 5616.05, 0.0176111, 22, 707.527, -363.66, 449.631, 2522, -1.29415, 1.41616, 11.8488, 5566.6, 1.38871, 22, 699.811, -340.697, 445.697, 2519, -1.2496, 1.41616, 11.8488, 5518.12, 0.923513, 22, 690.409, -320.889, 442.378, 2515, -1.20632, 1.41616, 11.8488, 5471.04, 18.0951, 22, 682.836, -295.858, 438.675, 2514, -1.16369, 1.41616, 11.8488, 5424.65, 0.0147802, 22, 675.673, -279.866, 435.739, 2508, -1.13235, 1.41616, 11.8488, 5390.55, 0.603604, 22, 667.716, -265.323, 433.488, 2505, -1.10135, 1.41616, 11.8488, 5356.81, 0.183504, 22, 662.553, -255.28, 431.297, 2502, -1.08113, 1.41616, 11.8488, 5334.81, 0.123072, 22, 653.94, -241.535, 429.007, 2500, -1.05065, 1.41616, 11.8488, 5301.64, 1.22457, 22, 648.558, -231.324, 426.994, 2497, -1.0307, 1.41616, 11.8488, 5279.94, 1.12957e-10, 22
581.555, -142.638, 409.451, 70, -0.537364, 1.38446, 6.24877, 2653.59, 12.1463, 23, 569.634, -137.436, 407.198, 65, -0.52462, 1.38446, 6.24877, 2635.54, 10.5266, 23, 545.982, -126.312, 403.649, 55, -0.4992, 1.38446, 6.24877, 2599.53, 12.3871, 23, 534.592, -118.214, 401.119, 50, -0.486469, 1.38446, 6.24877, 2581.49, 5.05569, 23, 522.681, -112.563, 398.925, 45, -0.473785, 1.38446, 6.24877, 2563.52, 8.9635, 23, 511.081, -105.453, 397.512, 40, -0.461146, 1.38446, 6.24877, 2545.62, 1.68651, 23, 495.369, -97.127, 393.819, 35, -0.444358, 1.38446, 6.24877, 2521.84, 0.105825, 23, 483.371, -91.4781, 390.663, 30, -0.431757, 1.38446, 6.24877, 2503.99, 0.451253, 23, 471.296, -86.1047, 388.399, 25, -0.419143, 1.38446, 6.24877, 2486.12, 0.0278974, 23, 459.182, -80.9481, 385.809, 20, -0.406568, 1.38446, 6.24877, 2468.3, 0.2256, 23, 446.963, -76.3887, 383.011, 15, -0.394031, 1.38446, 6.24877, 2450.54, 0.20872, 23, 438.931, -72.7019, 380.984, 10, -0.385691, 1.38446, 6.24877, 2438.73, 0.433179, 23, 426.645, -68.5263, 377.999, 5, -0.37321, 1.38446, 6.24877, 2421.05, 2.66378e-10, 23
581.555, -142.638, 409.451, 70, -0.519723, 1.38489, 5.10632, 2502.4, 8.03612, 24, 569.634, -137.436, 407.198, 65, -0.509358, 1.38489, 5.10632, 2485.77, 10.1775, 24, 545.982, -126.312, 403.649, 55, -0.488658, 1.38489, 5.10632, 2452.56, 16.6496, 24, 534.592, -118.214, 401.119, 50, -0.478283, 1.38489, 5.10632, 2435.91, 6.30787, 24, 522.681, -112.563, 398.925, 45, -0.467939, 1.38489, 5.10632, 2419.32, 11.2089, 24, 511.081, -105.453, 397.512, 40, -0.457625, 1.38489, 5.10632, 2402.77, 3.05171, 24, 495.369, -97.127, 393.819, 35, -0.443916, 1.38489, 5.10632, 2380.78, 0.40755, 24, 483.371, -91.4781, 390.663, 30, -0.433628, 1.38489, 5.10632, 2364.27, 0.280184, 24, 471.296, -86.1047, 388.399, 25, -0.423315, 1.38489, 5.10632, 2347.73, 0.0339628, 24, 459.182, -80.9481, 385.809, 20, -0.413028, 1.38489, 5.10632, 2331.22, 0.327213, 24, 446.963, -76.3887, 383.011, 15, -0.402767, 1.38489, 5.10632, 2314.76, 0.317142, 24, 438.931, -72.7019, 380.984, 10, -0.39594, 1.38489, 5.10632, 2303.81, 0.497089, 24, 426.645, -68.5263, 377.999, 5, -0.385718, 1.38489, 5.10632, 2287.41, 2.66378e-10, 24
581.555, -142.638, 409.451, 70, -0.543693, 1.38883, 6.47016, 2833.48, 12.3334, 25, 569.634, -137.436, 407.198, 65, -0.530485, 1.38883, 6.47016, 2815.13, 8.22491, 25, 545.982, -126.312, 403.649, 55, -0.504149, 1.38883, 6.47016, 2778.54, 8.65071, 25, 534.592, -118.214, 401.119, 50, -0.490959, 1.38883, 6.47016, 2760.22, 2.80111, 25, 522.681, -112.563, 398.925, 45, -0.47782, 1.38883, 6.47016, 2741.96, 5.99345, 25, 511.081, -105.453, 397.512, 40, -0.464729, 1.38883, 6.47016, 2723.78, 1.13161, 25, 495.369, -97.127, 393.819, 35, -0.447344, 1.38883, 6.47016, 2699.62, 0.158133, 25, 483.371, -91.4781, 390.663, 30, -0.43429, 1.38883, 6.47016, 2681.49, 0.0903917, 25, 471.296, -86.1047, 388.399, 25, -0.421229, 1.38883, 6.47016, 2663.34, 0.0950058, 25, 459.182, -80.9481, 385.809, 20, -0.40821, 1.38883, 6.47016, 2645.26, 0.233574, 25, 446.963, -76.3887, 383.011, 15, -0.395232, 1.38883, 6.47016, 2627.22, 0.419142, 25, 438.931, -72.7019, 380.984, 10, -0.386601, 1.38883, 6.47016, 2615.23, 1.19936e-10, 25
581.555, -142.638, 409.451, 70, -0.53501, 1.3873, 5.87566, 2588.73, 10.9935, 26, 569.634, -137.436, 407.198, 65, -0.52304, 1.3873, 5.87566, 2571.15, 9.27436, 26, 545.982, -126.312, 403.649, 55, -0.499158, 1.3873, 5.87566, 2536.08, 11.2129, 26, 534.592, -118.214, 401.119, 50, -0.487192, 1.3873, 5.87566, 2518.51, 4.4194, 26, 522.681, -112.563, 398.925, 45, -0.475268, 1.3873, 5.87566, 2501, 8.13916, 26, 511.081, -105.453, 397.512, 40, -0.463385, 1.3873, 5.87566, 2483.55, 1.36288, 26, 495.369, -97.127, 393.819, 35, -0.447597, 1.3873, 5.87566, 2460.37, 0.0548604, 26, 483.371, -91.4781, 390.663, 30, -0.435743, 1.3873, 5.87566, 2442.97, 0.519838, 26, 471.296, -86.1047, 388.399, 25, -0.423875, 1.3873, 5.87566, 2425.54, 0.0244752, 26, 459.182, -80.9481, 385.809, 20, -0.412043, 1.3873, 5.87566, 2408.17, 0.0574039, 26, 446.963, -76.3887, 383.011, 15, -0.400245, 1.3873, 5.87566, 2390.84, 0.344842, 26, 438.931, -72.7019, 380.984, 10, -0.392397, 1.3873, 5.87566, 2379.32, 1.19936e-10, 26
581.555, -142.638, 409.451, 70, -0.553465, 1.38791, 7.14428, 2876.44, 16.3954, 27, 569.634, -137.436, 407.198, 65, -0.538837, 1.38791, 7.14428, 2857.15, 10.6257, 27, 545.982, -126.312, 403.649, 55, -0.509696, 1.38791, 7.14428, 2818.72, 7.47619, 27, 534.592, -118.214, 401.119, 50, -0.495109, 1.38791, 7.14428, 2799.49, 3.16149, 27, 522.681, -112.563, 398.925, 45, -0.480585, 1.38791, 7.14428, 2780.33, 5.77867, 27, 511.081, -105.453, 397.512, 40, -0.46612, 1.38791, 7.14428, 2761.26, 0.609683, 27, 495.369, -97.127, 393.819, 35, -0.446918, 1.38791, 7.14428, 2735.94, 0.00617399, 27, 483.371, -91.4781, 390.663, 30, -0.432501, 1.38791, 7.14428, 2716.93, 0.36602, 27, 471.296, -86.1047, 388.399, 25, -0.418087, 1.38791, 7.14428, 2697.92, 0.0317303, 27, 459.182, -80.9481, 385.809, 20, -0.403724, 1.38791, 7.14428, 2678.98, 0.0997616, 27, 446.963, -76.3887, 383.011, 15, -0.389409, 1.38791, 7.14428, 2660.1, 0.379557, 27, 438.931, -72.7019, 380.984, 10, -0.379891, 1.38791, 7.14428, 2647.55, 1.19936e-10, 27
581.555, -142.638, 409.451, 70, -0.562383, 1.38799, 7.77517, 3010.34, 19.7303, 28, 569.634, -137.436, 407.198, 65, -0.546423, 1.38799, 7.77517, 2990.14, 12.1473, 28, 545.982, -126.312, 403.649, 55, -0.514651, 1.38799, 7.77517, 2949.91, 6.29496, 28, 534.592, -118.214, 401.119, 50, -0.498756, 1.38799, 7.77517, 2929.78, 2.98539, 28, 522.681, -112.563, 398.925, 45, -0.482936, 1.38799, 7.77517, 2909.75, 5.20069, 28, 511.081, -105.453, 397.512, 40, -0.467187, 1.38799, 7.77517, 2889.81, 0.448743, 28, 495.369, -97.127, 393.819, 35, -0.446289, 1.38799, 7.77517, 2863.35, 0.00924763, 28, 483.371, -91.4781, 390.663, 30, -0.430597, 1.38799, 7.77517, 2843.48, 0.356444, 28, 471.296, -86.1047, 388.399, 25, -0.414921, 1.38799, 7.77517, 2823.63, 0.0202003, 28, 459.182, -80.9481, 385.809, 20, -0.399304, 1.38799, 7.77517, 2803.86, 0.0911395, 28, 446.963, -76.3887, 383.011, 15, -0.383743, 1.38799, 7.77517, 2784.16, 0.413566, 28, 438.931, -72.7019, 380.984, 10, -0.373397, 1.38799, 7.77517, 2771.06, 1.19936e-10, 28
777.13, 677.062, 724.795, 967, -0.22091, 1.22646, 10.0509, 3838.87, 1.41376, 29, 708.399, 688.444, 702.251, 795, -0.10922, 1.22646, 10.0509, 3711.16, 11.5724, 29, 637.303, 692.125, 674.126, 1220, 0.00483733, 1.22646, 10.0509, 3580.74, 4.26527e-10, 29
