# format: x, y, z, (trackId)+
794, -202.5, 1414.62, 5845
812, -202.009, 1415.89, 5845
830, -200.602, 1416.52, 5845
848, -198.976, 1416.89, 5845
866, -195.759, 1418.24, 5845
884, -193.668, 1418.81, 5845
902, -189.86, 1420.04, 5845
920, -186.063, 1421.75, 5845
938, -183.685, 1422.58, 5845
956, -178.409, 1422.86, 5845
974, -175.163, 1424.08, 5845
992, -169.884, 1425.4, 5845
1010, -164.683, 1426.76, 5845
1028, -159.649, 1427.52, 5845
1046, -154.192, 1428.03, 5845
1064, -146.971, 1428.88, 5845
1082, -142.203, 1430.2, 5845
1100, -136.054, 1431.66, 5845
1118, -127.283, 1432.88, 5845
1136, -120.537, 1433.24, 5845
1154, -113.093, 1434.21, 5845
1172, -105.034, 1435.61, 5845
1190, -95.6729, 1437.48, 5845
379.899, 167.996, 1052.98, 5022
326.282, 260.863, 1257.76, 4416
389.989, 174.518, 1034.89, 5022
336.662, 266.884, 1265.69, 4416
399.926, 181.308, 1017.14, 5022
347.135, 272.745, 1272.78, 4416
410.194, 187.523, 1002.98, 5022
357.728, 278.397, 1281.47, 4416
420.431, 193.792, 984.964, 5022
368.305, 284.077, 1288.41, 4416
430.603, 200.174, 971.631, 5022
379.063, 289.443, 1297.64, 4416
440.768, 206.567, 955.527, 5022
389.711, 295, 1304.45, 4416
451.039, 212.777, 939.955, 5022
400.292, 300.675, 1311.93, 4416
461.452, 218.741, 924.14, 5022
410.823, 306.433, 1319.9, 4416
471.924, 224.603, 906.184, 5022
421.345, 312.208, 1326.52, 4416
482.372, 230.507, 890.392, 5022
432.069, 317.635, 1335.76, 4416
492.679, 236.655, 874.824, 5022
443.214, 322.331, 1342.76, 4416
503.173, 242.479, 858.699, 5022
454.542, 326.71, 1351.29, 4416
513.613, 248.396, 844.041, 5022
465.225, 332.207, 1358.03, 4416
524.216, 254.031, 827.327, 5022
475.802, 337.887, 1366.65, 4416
534.66, 259.941, 811.68, 5022
486.863, 342.729, 1374.57, 4416
546.11, 264.109, 784.601, 5022
545.02, 265.998, 796.505, 5022
498.37, 346.797, 1381.98, 4416
556.33, 270.408, 779.691, 5022
509.246, 351.96, 1389.4, 4416
566.612, 276.6, 769.175, 5022
519.867, 357.564, 1397.74, 4416
577.448, 281.831, 748.137, 5022
530.749, 362.716, 1405.76, 4416
588.053, 287.462, 732.109, 5022
542.449, 366.451, 1414.41, 4416
598.992, 292.515, 717.74, 5022
553.357, 371.558, 1422.33, 4416
609.475, 298.359, 699.778, 5022
564.026, 377.078, 1429.99, 4416
620.374, 303.48, 685.469, 5022
575.506, 381.195, 1438.57, 4416
631.285, 308.582, 668.997, 5022
586.965, 385.347, 1448.07, 4416
642.237, 313.614, 653.535, 5022
597.593, 390.939, 1455.14, 4416
653.152, 318.708, 639.496, 5022
609.218, 394.804, 1463.77, 4416
666.795, 325.077, 616.95, 5022
623.312, 400.391, 1474.26, 4416
683.296, 332.497, 594.551, 5022
640.395, 406.803, 1486.29, 4416
699.742, 340.012, 572.493, 5022
657.173, 413.743, 1497.13, 4416
716.57, 346.865, 546.078, 5022
674.919, 419.006, 1512.09, 4416
733.338, 353.821, 519.188, 5022
729.463, 360.534, 533.032, 5022
691.548, 426.203, 1522.73, 4416
749.773, 361.355, 502.057, 5022
708.973, 432.022, 1535.45, 4416
766.78, 367.898, 474.038, 5022
726.776, 437.188, 1550.27, 4416
783.625, 374.722, 452.558, 5022
744.368, 442.717, 1562.2, 4416
800.694, 381.157, 423.825, 5022
761.244, 449.487, 1573.21, 4416
817.605, 387.866, 405.627, 5022
778.981, 454.765, 1585.26, 4416
834.978, 393.776, 379.608, 5022
796.842, 459.829, 1597.84, 4416
852.068, 400.174, 356.87, 5022
814.922, 464.513, 1611.09, 4416
869.391, 406.17, 331.559, 5022
833.091, 469.044, 1624.05, 4416
886.821, 411.981, 307.818, 5022
850.93, 474.146, 1634.91, 4416
904.325, 417.663, 283.537, 5022
921.807, 423.383, 258.07, 5022
939.298, 429.089, 235.187, 5022
956.991, 434.443, 210.113, 5022
974.716, 439.743, 186.973, 5022
993.118, 443.869, 154.453, 5022
1009.82, 450.941, 144.742, 5022
1028.5, 454.59, 112.775, 5022
1046.74, 458.997, 87.2169, 5022
1064.25, 464.66, 67.6139, 5022
1082.99, 468.2, 40.6054, 5022
1101.38, 472.36, 12.0373, 5022
193.442, 365.207, 933.153, 5999
181.814, 371.921, 1491.61, 6236
183.087, 371.186, 871.691, 6002
149.145, 390.782, 545.075, 5951
199.264, 375.703, 940.03, 5999
188.935, 381.666, 877.788, 6002
182.542, 385.357, 1498.24, 6236
154.634, 401.47, 534.514, 5951
205.11, 386.184, 947.594, 5999
194.044, 392.573, 880.205, 6002
185.685, 397.399, 1501.66, 6236
160.598, 411.883, 524.738, 5951
199.249, 403.424, 884.705, 6002
166.299, 422.448, 514.006, 5951
204.408, 414.302, 889.983, 6002
171.988, 433.019, 503.349, 5951
222.536, 417.692, 966.293, 5999
210.391, 424.704, 896.58, 6002
177.325, 443.795, 491.881, 5951
228.513, 428.098, 972.727, 5999
214.556, 436.156, 898.687, 6002
192.694, 448.778, 1523.99, 6236
183.522, 454.073, 487.041, 5951
234.719, 438.371, 979.573, 5999
195.848, 460.813, 1528.02, 6236
220.978, 446.305, 905.568, 6002
189.234, 464.632, 468.436, 5951
240.903, 448.657, 986.427, 5999
226.877, 456.755, 910.326, 6002
198.035, 473.407, 1533.07, 6236
194.93, 475.199, 464.47, 5951
247.073, 458.951, 992.638, 5999
232.621, 467.295, 913.571, 6002
199.702, 486.301, 1539.34, 6236
200.65, 485.754, 451.013, 5951
253.178, 469.283, 998.57, 5999
237.909, 478.098, 919.342, 6002
206.765, 496.08, 440.024, 5951
203.607, 497.903, 1542.86, 6236
258.97, 479.795, 1005.8, 5999
243.388, 488.792, 923.965, 6002
212.801, 506.451, 432.873, 5951
205.626, 510.593, 1548.46, 6236
265.274, 490.012, 1011.96, 5999
249.134, 499.331, 928.867, 6002
218.454, 517.044, 421.388, 5951
208.323, 522.893, 1553.49, 6236
271.446, 500.305, 1018.93, 5999
255.18, 509.697, 933.618, 6002
224.986, 527.129, 411.746, 5951
210.74, 535.354, 1559.01, 6236
277.542, 510.642, 1024.86, 5999
260.829, 520.291, 938.665, 6002
230.407, 537.856, 400.223, 5951
213.521, 547.605, 1563.69, 6236
283.691, 520.948, 1031.54, 5999
266.854, 530.669, 943.823, 6002
236.72, 548.067, 388.944, 5951
216.777, 559.581, 1568, 6236
289.956, 531.188, 1037.73, 5999
272.433, 541.304, 948.604, 6002
242.484, 558.596, 378.258, 5951
219.769, 571.71, 1572.99, 6236
296.672, 541.167, 1045.06, 5999
278.098, 551.89, 951.839, 6002
248.667, 568.882, 369.158, 5951
241.383, 573.088, 358.002, 5951
222.219, 584.152, 1578.2, 6236
303.09, 551.317, 1051, 5999
283.933, 562.378, 959.57, 6002
254.918, 579.13, 359.647, 5951
225.078, 596.358, 1584.27, 6236
310.001, 561.184, 1058.68, 5999
290.292, 572.563, 961.861, 6002
260.841, 589.566, 347.773, 5951
229.133, 607.873, 1587.7, 6236
316.718, 571.162, 1064.87, 5999
295.983, 583.134, 967.055, 6002
266.817, 599.972, 337.835, 5951
231.361, 620.443, 1593.85, 6236
471.986, 495.374, 267.404, 1935
473.229, 494.657, 239.77, 1935
466.103, 498.771, 131.005, 1935
468.811, 497.208, 92.7593, 1935
471.064, 495.907, 56.2655, 1935
467.256, 498.105, 26.3238, 1935
468.899, 497.157, 177.24, 1935
323.549, 581.075, 1071.64, 5999
301.91, 593.568, 972.726, 6002
273.174, 610.159, 326.82, 5951
235.067, 632.16, 1598.36, 6236
483.559, 502.549, 718.148, 1935
481.803, 503.563, 682.31, 1935
476.15, 506.827, 681.273, 1935
483.559, 502.549, 658.283, 1935
483.559, 502.549, 641.164, 1935
483.559, 502.549, 614.294, 1935
479.552, 504.863, 600.28, 1935
482.127, 503.376, 579.091, 1935
476.779, 506.464, 579.189, 1935
480.174, 504.504, 554.968, 1935
478.901, 505.239, 505.152, 1935
483.847, 502.383, 458.922, 1935
485.724, 501.299, 417.277, 1935
485.724, 501.299, 370.638, 1935
481.63, 503.663, 328.593, 1935
473.453, 508.384, 324.018, 1935
477.205, 506.218, 294.58, 1935
481.209, 503.906, 264.865, 1935
481.412, 503.789, 239.361, 1935
470.242, 510.238, 233.138, 1935
485.724, 501.299, 208.715, 1935
468.821, 511.058, 201.97, 1935
478.363, 505.55, 177.148, 1935
466.866, 512.187, 171.528, 1935
481.902, 503.506, 126.851, 1935
464.954, 513.291, 125.37, 1935
481.711, 503.616, 96.5953, 1935
469.632, 510.59, 91.642, 1935
483.065, 502.835, 57.8934, 1935
465.913, 512.737, 52.1749, 1935
482.758, 503.012, 30.2903, 1935
466.172, 512.588, 24.3684, 1935
478.227, 505.628, 653.595, 1935
473.853, 508.153, 637.624, 1935
329.776, 591.336, 1077.46, 5999
307.953, 603.935, 974.212, 6002
279.458, 620.387, 317.674, 5951
238.55, 644.006, 1603.29, 6236
491.784, 511.657, 1082.94, 1935
486.196, 514.883, 1053.39, 1935
485.952, 515.024, 1031.17, 1935
493.074, 510.912, 1007.9, 1935
485.626, 515.212, 1002.03, 1935
492.58, 511.198, 979.882, 1935
487.15, 514.333, 976.181, 1935
492.115, 511.466, 947.886, 1935
486.782, 514.545, 941.157, 1935
496.054, 509.192, 905.113, 1935
493.889, 510.442, 865.643, 1935
493.544, 510.641, 821.986, 1935
493.889, 510.442, 788.121, 1935
490.554, 512.367, 752.461, 1935
496.054, 509.192, 717.493, 1935
492.893, 511.017, 682.928, 1935
477.523, 519.89, 680.502, 1935
493.889, 510.442, 653.298, 1935
478.045, 519.589, 656.005, 1935
493.889, 510.442, 615.323, 1935
493.889, 510.442, 589.547, 1935
492.163, 511.439, 563.836, 1935
485.069, 515.534, 553.741, 1935
492.524, 511.23, 513.089, 1935
483.134, 516.651, 504.766, 1935
478.58, 519.281, 498.912, 1935
496.054, 509.192, 465.418, 1935
475.839, 520.863, 452.109, 1935
493.984, 510.387, 423.546, 1935
476.651, 520.394, 404.97, 1935
492.962, 510.977, 378.223, 1935
492.755, 511.096, 333.807, 1935
492.8, 511.07, 303.044, 1935
493.333, 510.763, 272.06, 1935
493.393, 510.728, 248.129, 1935
492.108, 511.47, 216.346, 1935
493.003, 510.954, 183.813, 1935
492.442, 511.277, 152.681, 1935
493.751, 510.522, 126.935, 1935
492.8, 511.07, 103.526, 1935
492.857, 511.038, 66.6308, 1935
493.737, 510.529, 36.7989, 1935
493.114, 510.889, 2.90162, 1935
482.224, 517.177, 582.591, 1935
478.067, 519.576, 635.854, 1935
476.036, 520.749, 361.205, 1935
480.899, 517.942, 327.45, 1935
473.42, 522.26, 318.844, 1935
473.157, 522.411, 258.171, 1935
471.5, 523.368, 288.627, 1935
473.27, 522.346, 228.756, 1935
471.878, 523.15, 199.233, 1935
470.516, 523.936, 169.377, 1935
472.903, 522.558, 133.509, 1935
468.471, 525.117, 82.4801, 1935
468.113, 525.323, 121.353, 1935
469.625, 524.45, 46.9317, 1935
468.087, 525.339, 19.0186, 1935
463.578, 527.942, 132.693, 1935
336.238, 601.461, 1084.84, 5999
313.72, 614.462, 982.066, 6002
285.703, 630.638, 306.606, 5951
241.406, 656.213, 1608.89, 6236
499.889, 520.834, 1102.01, 1935
496.037, 523.058, 1072.01, 1935
492.011, 525.382, 1047.59, 1935
498.211, 521.803, 1020.29, 1935
491.736, 525.541, 1024.38, 1935
498.368, 521.712, 991.781, 1935
489.601, 526.774, 997.17, 1935
493.276, 524.652, 964.738, 1935
495.121, 523.587, 926.413, 1935
497.725, 522.084, 882.671, 1935
495.452, 523.396, 843.565, 1935
499.017, 521.338, 799.997, 1935
491.606, 525.616, 810.033, 1935
491.088, 525.915, 775.074, 1935
493.954, 524.261, 738.483, 1935
498.311, 521.745, 702.928, 1935
490.857, 526.049, 709.197, 1935
498.6, 521.578, 662.53, 1935
499.889, 520.834, 638.226, 1935
484.769, 529.563, 654.164, 1935
499.889, 520.834, 591.958, 1935
487.947, 527.729, 586.79, 1935
494.47, 523.962, 530.689, 1935
498.744, 521.495, 475.928, 1935
486.467, 528.583, 487.325, 1935
498.135, 521.847, 434.803, 1935
483.217, 530.46, 442.351, 1935
496.659, 522.699, 388.164, 1935
484.381, 529.788, 398.273, 1935
495.188, 523.548, 343.498, 1935
484.019, 529.996, 350.698, 1935
483.131, 530.509, 312.877, 1935
493.862, 524.314, 278.774, 1935
476.983, 534.059, 284.489, 1935
493.149, 524.726, 251.053, 1935
495.597, 523.312, 219.851, 1935
484.29, 529.84, 192.591, 1935
491.926, 525.431, 160.082, 1935
480.031, 532.299, 165.132, 1935
494.837, 523.751, 127.789, 1935
483.17, 530.487, 128.461, 1935
483.649, 530.21, 75.569, 1935
499.889, 520.834, 40.2776, 1935
480.643, 531.946, 43.2223, 1935
496.348, 522.879, 7.88969, 1935
485.616, 529.074, 12.8999, 1935
492.966, 524.831, 681.835, 1935
491.229, 525.834, 603.208, 1935
491.229, 525.834, 106.733, 1935
486.899, 528.334, 110.492, 1935
482.569, 530.834, 603.455, 1935
478.239, 533.334, 634.39, 1935
478.239, 533.334, 112.635, 1935
342.851, 611.5, 1090.99, 5999
319.962, 624.715, 985.859, 6002
291.929, 640.9, 296.059, 5951
245.076, 667.951, 1613.62, 6236
508.836, 529.525, 1101.28, 1935
503.604, 532.545, 769.293, 1935
503.107, 532.833, 735.489, 1935
506.259, 531.012, 702.397, 1935
501.337, 533.855, 667.338, 1935
501.772, 533.603, 640.58, 1935
506.381, 530.942, 594.291, 1935
503.257, 532.746, 1045.57, 1935
504.25, 532.173, 1019.36, 1935
504.159, 532.225, 991.423, 1935
502.744, 533.042, 961.518, 1935
503.29, 532.727, 842.223, 1935
505.889, 531.226, 803.156, 1935
499.654, 534.826, 925.521, 1935
501.559, 533.726, 881.162, 1935
498.398, 535.551, 681.715, 1935
499.395, 534.976, 578.256, 1935
501.559, 533.726, 391.214, 1935
494.966, 537.533, 128.799, 1935
496.675, 536.546, 659.445, 1935
497.229, 536.226, 476.454, 1935
494.202, 537.974, 110.42, 1935
492.03, 539.228, 12.914, 1935
492.899, 538.726, 437.954, 1935
349.989, 621.235, 1097.17, 5999
326.176, 634.983, 991.828, 6002
298.296, 651.08, 285.348, 5951
248.491, 679.835, 1618.29, 6236
357.237, 630.907, 1104.43, 5999
332.34, 645.281, 995.437, 6002
304.335, 661.45, 276.409, 5951
252.035, 691.646, 1623.45, 6236
365.608, 643.394, 1113.46, 5999
339.726, 658.338, 1002.29, 6002
312.431, 674.097, 260.389, 5951
256.71, 706.267, 1629.54, 6236
375.6, 658.41, 1121.89, 5999
349.246, 673.626, 1008.86, 6002
322.238, 689.219, 243.714, 5951
262.33, 723.807, 1636.18, 6236
387.028, 672.597, 1133.22, 5999
358.602, 689.009, 1016.89, 6002
331.21, 704.823, 237.672, 5951
397.099, 687.567, 1142.47, 5999
367.841, 704.459, 1022.42, 6002
341.005, 719.953, 213.333, 5951
408.012, 702.051, 1152.47, 5999
377.339, 719.76, 1028.47, 6002
350.208, 735.424, 203.184, 5951
419.268, 716.337, 1163.44, 5999
387.483, 734.688, 1037.27, 6002
360.305, 750.379, 184.943, 5951
429.973, 730.941, 1172.19, 5999
397.161, 749.885, 1044.78, 6002
370.222, 765.438, 167.668, 5951
441.545, 745.045, 1182.61, 5999
406.676, 765.176, 1051.16, 6002
380.196, 780.464, 154.343, 5951
452.941, 759.249, 1193.56, 5999
416.474, 780.304, 1059.88, 6002
390.007, 795.585, 136.609, 5951
464.076, 773.606, 1202.79, 5999
426.011, 795.583, 1065.75, 6002
400.048, 810.572, 121.787, 5951
476.29, 787.338, 1213.83, 5999
436.441, 810.345, 1073.77, 6002
409.953, 825.638, 108.339, 5951
486.673, 802.128, 1222.11, 5999
446.184, 825.505, 1079.94, 6002
420.072, 840.58, 91.7127, 5951
499.168, 815.699, 1233.4, 5999
456.5, 840.333, 1090.62, 6002
430.244, 855.492, 74.2073, 5951
510.365, 830.019, 1242.92, 5999
465.59, 855.87, 1092.19, 6002
440.242, 870.504, 61.3294, 5951
522.12, 844.017, 1252.2, 5999
476.993, 870.071, 1101.98, 6002
450.901, 885.135, 43.2797, 5951
534.788, 857.487, 1262.86, 5999
487.462, 884.811, 1108.95, 6002
461.14, 900.008, 29.9271, 5951
546.603, 871.451, 1273.36, 5999
497.647, 899.715, 1117.23, 6002
471.5, 914.811, 13.4499, 5951
557.882, 885.723, 1280.84, 5999
507.669, 914.714, 1123.09, 6002
481.446, 929.854, 4.76052, 5951
570.744, 899.082, 1292.64, 5999
518.346, 929.334, 1130.81, 6002
583.287, 912.625, 1303.69, 5999
528.81, 944.077, 1137.55, 6002
594.828, 926.746, 1313.03, 5999
540.402, 958.169, 1145.3, 6002
606.856, 940.587, 1321.89, 5999
619.895, 953.844, 1333.23, 5999
561.443, 987.59, 1157.11, 6002
633.089, 967.01, 1343.75, 5999
572.17, 1002.18, 1165.66, 6002
645.801, 980.456, 1353.59, 5999
583.176, 1016.61, 1174.39, 6002
659.064, 993.583, 1364.71, 5999
594.405, 1030.91, 1181.11, 6002
50.4249, 413, 885.753, 6201
46.4785, 425, 883.568, 6201
43.5409, 437, 881.291, 6201
38.9163, 449, 878.93, 6201
34.9905, 461, 876.492, 6201
29.9431, 473, 873.731, 6201
25.1338, 485, 871.996, 6201
19.3332, 497, 869.116, 6201
11.7835, 509, 866.112, 6201
5.97833, 521, 863.404, 6201
-1.77918, 533, 861.094, 6201
-9.94989, 545, 859.183, 6201
-19.4067, 557, 855.482, 6201
-26.9465, 569, 852.656, 6201
-38.7254, 581, 849.653, 6201
-50.766, 593, 846.161, 6201
-59.6995, 605, 843.922, 6201
-72.5208, 617, 840.685, 6201
-80.1714, 617, 838.854, 6201
-92.2061, 629, 836.174, 6201
-101.01, 641, 833.544, 6201
-122.257, 653, 828.897, 6201
-142.913, 665, 824.359, 6201
-160.891, 677, 820.657, 6201
-171.908, 689, 816.879, 6201
-195.111, 682.942, 813.334, 6201
-201.844, 692.911, 811.34, 6201
-215.732, 698.749, 809.097, 6201
-229.808, 704.478, 806.344, 6201
-253.946, 707.863, 801.209, 6201
-273.978, 717.082, 798.003, 6201
-306.11, 719.315, 791.368, 6201
-335.489, 723.138, 785.845, 6201
-345.09, 717.595, 783.075, 6201
-373.069, 722.225, 778.279, 6201
-412.051, 720.504, 771.217, 6201
-431.313, 709.383, 766.207, 6201
-448.108, 699.686, 762.775, 6201
-461.785, 712.574, 761.009, 6201
-493.698, 694.15, 753.688, 6201
-513.974, 682.443, 749.146, 6201
-526.882, 674.99, 745.872, 6201
-542.043, 666.237, 742.326, 6201
-567.15, 651.742, 737.438, 6201
-573.621, 648.006, 735.311, 6201
-587.756, 639.845, 732.504, 6201
-603.778, 630.595, 728.519, 6201
-505.976, 707.845, 753.179, 6201
-537.114, 689.868, 745.561, 6201
-552.591, 680.932, 742.066, 6201
-577.108, 666.777, 736.288, 6201
-595.319, 656.263, 731.881, 6201
-610.358, 647.58, 728.779, 6201
-322.605, 267.231, 1530.26, 6349
-335.653, 268.631, 1533.5, 6349
-349.283, 269.025, 1537.82, 6349
-364.508, 266.653, 1542.01, 6349
-379.966, 263.879, 1546.66, 6349
-395.94, 260.211, 1550.5, 6349
-412.401, 255.7, 1554.6, 6349
-434.102, 242.113, 1562.42, 6349
-452.832, 233.672, 1567.54, 6349
-462.3, 217.272, 1572.45, 6349
-474.826, 219.577, 1574.61, 6349
-484.472, 202.87, 1578.64, 6349
-493.591, 187.075, 1584.18, 6349
-502.19, 172.182, 1589.5, 6349
-509.996, 158.662, 1593.13, 6349
-513.984, 151.753, 1596.25, 6349
-719.016, 204.628, 625.769, 6201
-725.78, 222.911, 630.264, 6201
-734.542, 207.736, 6.98835, 4427
-732.163, 247.857, 635.79, 6201
-751.916, 213.643, 4.69607, 4427
-734.219, 280.295, 643.962, 6201
-737.981, 273.779, 641.2, 6201
-739.206, 307.658, 649.39, 6201
-737.491, 346.628, 658.533, 6201
-750.451, 324.181, 652.633, 6201
-739.517, 379.118, 667.399, 6201
-742.81, 373.416, 662.855, 6201
-629.058, 606.44, 720.138, 6201
-633.785, 598.252, 718.024, 6201
-701.754, 480.527, 690.347, 6201
-720.919, 447.332, 681.92, 6201
-728.668, 433.91, 677.242, 6201
-735.87, 421.435, 674.059, 6201
-655.294, 596.998, 716.807, 6201
-660.847, 587.379, 713.328, 6201
-670.415, 570.808, 709.987, 6201
-685.602, 544.502, 703.216, 6201
-703.475, 513.546, 695.406, 6201
-716.629, 490.762, 689.51, 6201
-724.586, 476.981, 685.879, 6201
-949.17, 267.989, 1196.4, 5298
-965.966, 274.898, 1196.69, 5298
-979.6, 287.283, 1196.78, 5298
-993.539, 299.14, 1197.16, 5298
-1007.43, 311.072, 1197.43, 5298
-1020.67, 324.155, 1198.08, 5298
-1034.05, 336.965, 1198.09, 5298
-1047.05, 350.451, 1199.02, 5298
-1060.18, 363.719, 1199.4, 5298
-1072.85, 377.765, 1199.81, 5298
-1086.07, 390.874, 1200.37, 5298
-1098.24, 405.8, 1201.21, 5298
-1110.4, 420.723, 1201.52, 5298
-1123.03, 434.857, 1202.32, 5298
-413, 6.82307, 526.266, 4427
-413, 0.271025, 1190.88, 5298
-413, -26.3926, 1517.61, 6332
-413, -69.7478, 542.588, 6201
-425, 10.7372, 508.93, 4427
-425, 3.88415, 1191.14, 5298
-425, -25.4772, 1521.08, 6332
-425, -67.0167, 544.778, 6201
-437, 15.155, 490.236, 4427
-437, 6.82486, 1191.27, 5298
-437, -24.3564, 1524.01, 6332
-437, -64.3483, 546.868, 6201
-449, 19.786, 474.018, 4427
-449, 10.0794, 1191.22, 5298
-449, -23.2048, 1527.19, 6332
-449, -32.5, 195.954, 6349
-449, -38.2111, 111.434, 6349
-449, -39.0811, 16.5974, 6349
-449, -61.08, 548.993, 6201
-461, 24.2752, 455.693, 4427
-461, 13.1997, 1191.35, 5298
-461, -21.8305, 1531.24, 6332
-461, -27.1062, 985.83, 6349
-461, -35.8375, 1007.18, 6349
-461, -28.7374, 780.105, 6349
-461, -41.3393, 699.401, 6349
-461, -33.0695, 892.111, 6349
-461, -33.6944, 584.222, 6349
-461, -35.66, 490.59, 6349
-461, -34.4124, 388.137, 6349
-461, -29.6666, 282.633, 6349
-461, -39.3443, 297.914, 6349
-461, -28.746, 191.247, 6349
-461, -42.1127, 216.362, 6349
-461, -33.5776, 101.922, 6349
-461, -43.217, 119, 6349
-461, -29.6398, 7.01504, 6349
-461, -42.8687, 24.7329, 6349
-461, -35.1226, 1103.77, 6349
-461, -57.043, 551.394, 6201
-473, 29.2134, 438.98, 4427
-473, 17.4231, 1191.76, 5298
-473, -19.1623, 757.719, 6349
-473, -21.7782, 654.186, 6349
-473, -29.1102, 1539.17, 6349
-473, -23.1911, 974.571, 6349
-473, -22.901, 857.933, 6349
-473, -41.4542, 811.254, 6349
-473, -22.8836, 559.865, 6349
-473, -24.7879, 466.681, 6349
-473, -26.4202, 356.693, 6349
-473, -41.6976, 320.183, 6349
-473, -24.1835, 262.429, 6349
-473, -43.0675, 226.32, 6349
-473, -28.8197, 164.478, 6349
-473, -45.1713, 138.953, 6349
-473, -17.5, 168.454, 6349
-473, -29.2562, 1412.15, 6349
-473, -27.9879, 1074.76, 6349
-473, -41.3575, 1028.15, 6349
-473, -22.6193, 78.0379, 6349
-473, -30.3136, 1629.14, 6349
-473, -31.7572, 1292.86, 6349
-473, -29.3806, 950.758, 6349
-473, -38.727, 925.9, 6349
-473, -29.5537, 577.49, 6349
-473, -40.7281, 603.049, 6349
-473, -34.6885, 1453.21, 6349
-473, -39.3099, 1148.16, 6349
-473, -35.2753, 1106.57, 6349
-473, -43.5545, 504.995, 6349
-473, -32.5, 377.134, 6349
-473, -32.5, 3.4535, 6349
-473, -37.5, 1316.01, 6349
-473, -43.9917, 702.28, 6349
-473, -37.5, 437.223, 6349
-473, -42.3115, 411.176, 6349
-473, -37.5, 294.954, 6349
-473, -42.9424, 1123.71, 6349
-473, -50.0112, 45.2725, 6349
-473, -53.5433, 553.43, 6201
-485, 34.6661, 419.586, 4427
-485, 20.0387, 1191.5, 5298
-485, -26.8296, 1489.38, 6349
-485, -23.8593, 742.175, 6349
-485, -36.9084, 723.226, 6349
-485, -23.0303, 650.013, 6349
-485, -38.4997, 626.83, 6349
-485, -26.5438, 1385.47, 6349
-485, -33.4973, 940.499, 6349
-485, -31.4643, 837.57, 6349
-485, -35.5768, 533.078, 6349
-485, -35.6491, 438.48, 6349
-485, -32.8221, 340.66, 6349
-485, -31.7074, 248.078, 6349
-485, -30.5771, 1626.12, 6349
-485, -31.7379, 1354.88, 6349
-485, -32.6055, 1295.58, 6349
-485, -27.5, 1277.74, 6349
-485, -29.7538, 1246.79, 6349
-485, -36.2341, 1051.11, 6349
-485, -35.986, 154.703, 6349
-485, -39.7994, 63.9172, 6349
-485, -34.2429, 1603.12, 6349
-485, -34.5368, 1466.43, 6349
-485, -34.8985, 1203.32, 6349
-485, -38.5055, 1150.3, 6349
-485, -49.384, 555.144, 6201
-497, 39.6405, 402.885, 4427
-497, 24.3254, 1191.85, 5298
-497, 0.873117, 1637.15, 6349
-497, -17.6391, 1540.93, 6332
-497, -32.5, 538.595, 6349
-509, 44.9883, 385.245, 4427
-509, 24.7334, 1630.5, 6349
-509, 9.25466, 1635.63, 6349
-509, 27.8091, 1191.93, 5298
-509, -16.3172, 1543.85, 6332
-509, -38.6307, 560.147, 6201
-521, 130, 1603.57, 6349
-521, 105.9, 1608.34, 6349
-521, 80.4758, 1614.85, 6349
-521, 60.6674, 1620.8, 6349
-521, 44.6766, 1626.2, 6349
-521, 50.7981, 366.142, 4427
-521, 31.548, 1192.04, 5298
-521, -14.9986, 1546.84, 6332
-521, -32.9036, 562.45, 6201
-533, 56.9241, 347.629, 4427
-533, 35.8241, 1191.94, 5298
-533, -13.2381, 1550.39, 6332
-533, -26.1016, 565.055, 6201
-545, 63.5743, 328.167, 4427
-545, 40.3633, 1191.9, 5298
-545, -11.9769, 1553.44, 6332
-545, -19.4941, 567.563, 6201
-557, 69.6496, 309.715, 4427
-557, 44.2824, 1191.76, 5298
-557, -11.33, 570.122, 6201
-557, -10.3375, 1556.13, 6332
-569, 76.0823, 291.144, 4427
-569, 48.6388, 1192.1, 5298
-569, -0.420399, 573.168, 6201
-569, -8.35212, 1560.02, 6332
-581, 82.5877, 273.843, 4427
-581, 52.8819, 1192.08, 5298
-581, 4.47226, 575.095, 6201
-581, -6.43148, 1563.68, 6332
-593, 90.7183, 251.603, 4427
-593, 57.6066, 1192.32, 5298
-593, 16.6072, 578.885, 6201
-593, -5.36636, 1565.8, 6332
-605, 98.3531, 232.556, 4427
-605, 62.2142, 1192.48, 5298
-605, 26.814, 581.582, 6201
-605, -3.06833, 1570.89, 6332
-617, 105.642, 213.807, 4427
-617, 67.8336, 1192.23, 5298
-617, 39.0728, 584.762, 6201
-617, -1.14128, 1573.82, 6332
-629, 113.776, 195.607, 4427
-629, 70.723, 1192.14, 5298
-629, 50.6158, 587.468, 6201
-629, 1.29382, 1576.84, 6332
-641, 122.869, 173.546, 4427
-641, 78.5, 1192.23, 5298
-641, 65.4907, 591.33, 6201
-641, 2.93657, 1580.52, 6332
-653, 130.796, 155.077, 4427
-653, 80.3697, 594.499, 6201
-653, 80.9492, 1192.59, 5298
-653, 4.26085, 1582.46, 6332
-665, 140.872, 133.071, 4427
-665, 98.9545, 598.723, 6201
-665, 88.1696, 1192.74, 5298
-665, 6.89206, 1587.29, 6332
-677, 150.004, 113.42, 4427
-677, 118.257, 603.898, 6201
-677, 92.8916, 1192.94, 5298
-677, 8.88666, 1590.15, 6332
-689, 160.062, 92.1944, 4427
-689, 150.491, 611.048, 6201
-689, 141.055, 609.226, 6201
-689, 134.825, 607.405, 6201
-689, 99.3923, 1192.64, 5298
-689, 11.4455, 1593.06, 6332
-701, 158.844, 613.837, 6201
-701, 170.365, 73.2777, 4427
-701, 104.499, 1192.88, 5298
-701, 13.4934, 1597.82, 6332
-713, 180, 618.494, 6201
-713, 178.108, 56.3153, 4427
-713, 110.319, 1192.81, 5298
-713, 15.7836, 1599.22, 6332
-725, 182.231, 40.5318, 4427
-725, 115.8, 1192.95, 5298
-725, 18.4783, 1603.88, 6332
-740, 187.5, 25.2439, 4427
-740, 124.526, 1192.95, 5298
-740, 20.6784, 1606.69, 6332
-758, 134.113, 1193.39, 5298
-758, 25.3458, 1613.93, 6332
-776, 143.245, 1193.25, 5298
-776, 28.585, 1617.16, 6332
-794, 154.381, 1193.82, 5298
-794, 32.85, 1622.23, 6332
-812, 164.144, 1193.85, 5298
-812, 36.7528, 1627.61, 6332
-830, 175.31, 1194.14, 5298
-830, 41.1175, 1633.02, 6332
-848, 187.549, 1194.41, 5298
-866, 199.12, 1194.66, 5298
-884, 209.874, 1195.12, 5298
-902, 225.172, 1196.06, 5298
-920, 231.847, 1195.27, 5298
-938, 237.5, 1196.87, 5298
-1028, -262.5, 1164.39, 5288
-1046, -267.068, 1162.87, 5288
-1064, -265.885, 1161.14, 5288
-1082, -263.816, 1159, 5288
-1100, -261.833, 1157.78, 5288
-1118, -259.608, 1155.38, 5288
-1136, -256.625, 1153.42, 5288
-1154, -253.562, 1152.46, 5288
-1172, -250.522, 1150.27, 5288
-1190, -247.431, 1147.86, 5288
-377.521, -172.114, 1229.54, 5288
-342.637, -232.536, 768.596, 6206
-389.087, -176.082, 1227.65, 5288
-353.175, -238.283, 760.705, 6206
-400.783, -179.824, 1225.41, 5288
-363.781, -243.914, 753.492, 6206
-411.74, -184.846, 1224.73, 5288
-374.432, -249.465, 746.991, 6206
-423.377, -188.689, 1223.62, 5288
-420.153, -194.273, 1455.82, 5852
-385.116, -254.96, 739.208, 6206
-435.067, -192.443, 1222.9, 5288
-431.058, -199.386, 1458.39, 5852
-395.646, -260.721, 733.618, 6206
-446.936, -195.884, 1220.17, 5288
-441.924, -204.566, 1460.88, 5852
-406.35, -266.182, 726.71, 6206
-457.856, -200.97, 1219.96, 5288
-452.646, -209.994, 1463.8, 5852
-417.239, -271.321, 719.499, 6206
-469.542, -204.729, 1218.36, 5288
-463.585, -215.047, 1466.02, 5852
-427.947, -276.775, 712.06, 6206
-481.428, -208.142, 1217.08, 5288
-474.295, -220.497, 1467.69, 5852
-438.892, -281.817, 704.799, 6206
-493.469, -211.287, 1215.83, 5288
-485.219, -225.575, 1470.59, 5852
-449.568, -287.325, 699.801, 6206
-505.01, -215.296, 1214.98, 5288
-496.198, -230.56, 1472.75, 5852
-460.59, -292.235, 691.075, 6206
-516.658, -219.123, 1213.7, 5288
-507.017, -235.82, 1475.85, 5852
-471.457, -297.413, 684.517, 6206
-528.964, -221.807, 1212.38, 5288
-518.048, -240.714, 1477.66, 5852
-482.413, -302.436, 678.481, 6206
-540.735, -225.419, 1212.08, 5288
-528.825, -246.048, 1480.25, 5852
-493.421, -307.37, 671.176, 6206
-552.839, -228.455, 1209.65, 5288
-539.98, -250.727, 1482.97, 5852
-504.55, -312.093, 663.127, 6206
-564.992, -231.405, 1209.31, 5288
-550.929, -255.762, 1484.5, 5852
-515.511, -317.109, 656.862, 6206
-577.115, -234.408, 1207.83, 5288
-561.89, -260.777, 1487.8, 5852
-526.746, -321.649, 648.891, 6206
-589.386, -237.154, 1206.27, 5288
-572.776, -265.922, 1489.54, 5852
-537.714, -326.652, 643.262, 6206
-601.423, -240.306, 1205.7, 5288
-584.05, -270.395, 1493.2, 5852
-549.031, -331.051, 635.368, 6206
-614.436, -241.765, 1204.67, 5288
-595.067, -275.315, 1494.47, 5852
-560.163, -335.769, 628.142, 6206
-626.093, -245.575, 1203.66, 5288
-606.221, -279.994, 1498.04, 5852
-571.466, -340.193, 620.408, 6206
-639.396, -246.534, 1202.2, 5288
-617.229, -284.928, 1499.75, 5852
-582.404, -345.246, 616.016, 6206
-650.996, -250.443, 1201.65, 5288
-628.378, -289.618, 1502.17, 5852
-593.995, -349.171, 607.103, 6206
-663.828, -252.216, 1199.49, 5288
-639.596, -294.187, 1505.15, 5852
-605.206, -353.752, 601.277, 6206
-676.547, -254.186, 1198.12, 5288
-650.513, -299.278, 1506.95, 5852
-616.704, -357.837, 593.966, 6206
-689.148, -256.36, 1197.04, 5288
-661.916, -303.527, 1510.14, 5852
-628.102, -362.095, 585.54, 6206
-705.372, -258.26, 1195.72, 5288
-675.742, -309.58, 1512.37, 5852
-642.294, -367.513, 579.112, 6206
-725.112, -260.069, 1193.39, 5288
-693.018, -315.658, 1517.31, 5852
-659.905, -373.01, 566.428, 6206
-741.667, -267.395, 1192.38, 5288
-709.363, -323.348, 1519.59, 5852
-677.07, -379.281, 556.701, 6206
-763.628, -265.357, 1189.88, 5288
-726.312, -329.99, 1522.85, 5852
-694.74, -384.676, 545.402, 6206
-783.303, -267.279, 1187.21, 5288
-743.445, -336.316, 1527.16, 5852
-711.993, -390.792, 535.965, 6206
-802.523, -269.989, 1186.63, 5288
-760.799, -342.257, 1531.96, 5852
-729.726, -396.077, 524.317, 6206
-823.399, -269.831, 1184.15, 5288
-777.923, -348.598, 1536.58, 5852
-747.455, -401.371, 513.18, 6206
-843.695, -270.678, 1182.34, 5288
-794.291, -356.248, 1537.94, 5852
-765.442, -406.216, 502.2, 6206
-863.573, -272.248, 1179.91, 5288
-812.338, -360.989, 1543.4, 5852
-783.222, -411.421, 491.419, 6206
-884.092, -272.708, 1178.3, 5288
-828.675, -368.692, 1544.72, 5852
-800.877, -416.84, 482.236, 6206
-904.903, -272.663, 1175.71, 5288
-846.388, -374.013, 1549.48, 5852
-819.262, -420.997, 469.749, 6206
-925.695, -272.649, 1174.34, 5288
-863.758, -379.928, 1553.91, 5852
-837.308, -425.74, 459.82, 6206
-946.205, -273.124, 1172.56, 5288
-880.637, -386.692, 1556.11, 5852
-856.07, -429.244, 447.801, 6206
-966.402, -274.143, 1169.99, 5288
-898.224, -392.23, 1560.22, 5852
-874.549, -433.237, 436.241, 6206
-985.347, -277.329, 1168.93, 5288
-915.546, -398.227, 1564.53, 5852
-893.147, -437.024, 424.51, 6206
-932.961, -404.063, 1568.25, 5852
-911.314, -441.558, 415.542, 6206
-950.574, -409.558, 1571.62, 5852
-930.428, -444.452, 403.12, 6206
-968.31, -414.837, 1576.12, 5852
-949.324, -447.723, 391.596, 6206
-985.588, -420.911, 1578.71, 5852
-968.958, -449.715, 378.779, 6206
-1003.71, -425.521, 1582.83, 5852
-986.784, -454.839, 370.733, 6206
-1020.69, -432.11, 1586.59, 5852
-1006.44, -456.789, 357.955, 6206
-1038.7, -436.92, 1590.67, 5852
-1025.81, -459.243, 345.938, 6206
-1056.62, -441.888, 1593.77, 5852
-1044.99, -462.026, 335.761, 6206
-1074.28, -447.294, 1597.96, 5852
-1064.81, -463.699, 323.64, 6206
-1092.12, -452.399, 1601.14, 5852
-1084.62, -465.378, 311.515, 6206
-1110.35, -456.823, 1604.91, 5852
-1103.94, -467.926, 300.326, 6206
-252.184, -331.293, 861.923, 6214
-159.445, -384.836, 1562.98, 5294
-133.471, -399.832, 988.153, 3876
-123.613, -405.524, 794.939, 4989
-260.139, -340.556, 858.286, 6214
-163.847, -396.151, 1572.7, 5294
-133.691, -413.561, 994.408, 3876
-125.684, -418.184, 805.516, 4989
-268.518, -349.575, 852.621, 6214
-167.679, -407.795, 1582.7, 5294
-129.493, -429.841, 1004.14, 3876
-129.978, -429.561, 813.953, 4989
-276.587, -358.773, 847.592, 6214
-172.539, -418.845, 1590.04, 5294
-133.305, -441.497, 1006.78, 3876
-131.716, -442.414, 822.652, 4989
-286.39, -366.969, 842.748, 6214
-177.149, -430.04, 1598.73, 5294
-135.399, -454.144, 1011.77, 3876
-294.386, -376.209, 838.278, 6214
-210.52, -424.63, 1583.5, 5294
-181.105, -441.612, 1608.55, 5294
-139.072, -465.88, 1020.48, 3876
-139.072, -465.88, 840.651, 4989
-303.324, -384.906, 833.925, 6214
-189.179, -450.807, 1613.79, 5294
-140.742, -478.772, 851.024, 4989
-312.927, -393.217, 829.549, 6214
-209.085, -453.171, 1621.21, 5294
-190.428, -463.943, 1626.82, 5294
-322.243, -401.696, 824.402, 6214
-200.311, -472.093, 1632.2, 5294
-331.551, -410.178, 819.226, 6214
-200.991, -485.557, 1637.83, 5294
-341.181, -418.475, 813.873, 6214
-351.161, -426.569, 808.804, 6214
-361.467, -434.475, 803.532, 6214
-371.648, -442.454, 798.669, 6214
-382.134, -450.256, 793.65, 6214
-392.985, -457.847, 788.57, 6214
-403.814, -465.452, 784.635, 6214
-414.404, -473.194, 779.978, 6214
-425.183, -480.827, 776.051, 6214
-436.112, -488.374, 771.153, 6214
-447.831, -495.464, 766.184, 6214
-459.593, -502.53, 762.066, 6214
-471.374, -509.584, 757.83, 6214
-481.775, -517.436, 755.899, 6214
-122.5, -509, 1042.17, 3876
-125.681, -521, 1047.57, 3876
-124.345, -533, 1052.49, 3876
-121.342, -545, 1058.78, 3876
-118.827, -557, 1065.58, 3876
-116.112, -569, 1070.87, 3876
-142.5, -581, 1054.16, 3876
-113.036, -581, 1077.01, 3876
-142.5, -581, 929.325, 4989
-145, -593, 1077.02, 3876
-109.601, -593, 1083.75, 3876
-147.027, -593, 940.258, 4989
-132.135, -605, 1096.37, 3876
-106.412, -605, 1089.26, 3876
-147.5, -605, 947.84, 4989
-150.253, -617, 958.791, 4989
-128.973, -617, 1114.35, 3876
-102.332, -617, 1095.28, 3876
-150.698, -629, 968.375, 4989
-98.3022, -629, 1101.65, 3876
-151.247, -641, 976.127, 4989
-92.8405, -641, 1109.54, 3876
-151.146, -653, 987.171, 4989
-89.9188, -653, 1113.62, 3876
-151.899, -665, 996.133, 4989
-84.8931, -665, 1120.76, 3876
-152.308, -677, 1004.13, 4989
-79.0146, -677, 1127.23, 3876
-152.729, -689, 1013.48, 4989
-74.423, -689, 1133.35, 3876
-152.762, -701, 1022.15, 4989
-68.028, -701, 1140.13, 3876
-153.378, -713, 1032.43, 4989
-60.5753, -713, 1147.56, 3876
-152.834, -725, 1040.35, 4989
-54.4821, -725, 1153.78, 3876
-153.139, -740, 1053.73, 4989
-46.1889, -740, 1162.11, 3876
-153.235, -758, 1066.82, 4989
-35.8788, -758, 1172.06, 3876
-152.57, -776, 1077.45, 4989
-151.712, -794, 1093.41, 4989
-8.79923, -794, 1194.99, 3876
-150.954, -812, 1109.1, 4989
4.68336, -812, 1205.39, 3876
-150.422, -830, 1118.75, 4989
18.9404, -830, 1216.85, 3876
37.2739, -848, 1229.84, 3876
48.8688, -866, 1237.6, 3876
57.6005, -866, 1244.39, 3876
-146.194, -884, 1161.31, 4989
67.0679, -884, 1250.78, 3876
78.2464, -884, 1257.66, 3876
-144.571, -902, 1177.16, 4989
98.0997, -902, 1269.33, 3876
-142.567, -920, 1191.01, 4989
108.705, -920, 1277.69, 3876
120.91, -920, 1284.89, 3876
-140.491, -938, 1205.3, 4989
138.56, -938, 1295.05, 3876
147.083, -938, 1301.9, 3876
-138.602, -956, 1217.93, 4989
171.006, -956, 1312.85, 3876
186.395, -956, 1322.44, 3876
-135.525, -974, 1234.01, 4989
189.003, -974, 1324.83, 3876
202.296, -974, 1331.65, 3876
214.927, -974, 1338.83, 3876
-133.334, -992, 1245.89, 4989
229.915, -992, 1345.84, 3876
242.701, -992, 1352.77, 3876
-130.696, -1010, 1258.39, 4989
257.5, -1010, 1361.95, 3876
-126.697, -1028, 1275.79, 4989
-122.94, -1046, 1293.16, 4989
-121.617, -1064, 1296.48, 4989
-116.966, -1082, 1315.05, 4989
-113.012, -1100, 1330.29, 4989
-108.61, -1118, 1345.77, 4989
-104.555, -1136, 1358.86, 4989
-101.482, -1154, 1368.44, 4989
-95.1409, -1172, 1388.15, 4989
-91.2684, -1190, 1400.8, 4989
283.114, -1002.79, 1375.08, 3876
302.354, -1012.47, 1383.68, 3876
325.482, -1019.9, 1395.87, 3876
351.183, -1025.85, 1407.47, 3876
359.418, -1021.09, 1413.43, 3876
381.528, -1029.11, 1422.83, 3876
405.132, -1036.27, 1433.44, 3876
413.47, -1031.45, 1439.95, 3876
433.272, -1040.81, 1446.33, 3876
443.074, -1035.15, 1454.14, 3876
472.023, -1039.22, 1466.27, 3876
483.648, -1032.51, 1474.59, 3876
511.33, -1037.31, 1486.04, 3876
525.414, -1029.18, 1496.08, 3876
548.489, -1036.64, 1502.64, 3876
562.5, -1028.55, 1512.75, 3876
596.874, -1029.49, 1526.56, 3876
606.024, -1024.21, 1532.72, 3876
613.915, -1019.65, 1537.71, 3876
624.237, -1013.69, 1543.42, 3876
632.445, -1008.95, 1549.39, 3876
361.655, -199.595, 995.847, 5386
386.939, -155.802, 1389.16, 5845
371.122, -207.197, 1011.06, 5386
398.506, -159.768, 1389.45, 5845
381.195, -213.751, 1018.11, 5386
410.544, -162.918, 1390.25, 5845
390.636, -221.399, 1033.06, 5386
422.079, -166.938, 1391.02, 5845
400.502, -228.31, 1043.8, 5386
434.469, -169.477, 1392.63, 5845
410.298, -235.343, 1052.15, 5386
446.311, -172.966, 1393.36, 5845
419.871, -242.762, 1065.52, 5386
458.002, -176.718, 1394.53, 5845
429.342, -250.358, 1078.68, 5386
470.941, -178.306, 1394.95, 5845
439.131, -257.402, 1090.35, 5386
483.092, -181.26, 1395.3, 5845
448.665, -264.89, 1100.48, 5386
495.372, -183.99, 1396.1, 5845
458.397, -272.033, 1112.11, 5386
507.599, -186.813, 1397.42, 5845
467.859, -279.644, 1124.05, 5386
519.897, -189.513, 1398.3, 5845
477.295, -287.301, 1135.4, 5386
532.226, -192.158, 1399.57, 5845
486.9, -294.665, 1145.36, 5386
545.204, -193.679, 1400.06, 5845
496.518, -302.006, 1155.6, 5386
558.323, -194.956, 1400.33, 5845
505.851, -309.841, 1170.31, 5386
570.703, -197.513, 1401.23, 5845
515.454, -317.208, 1180.41, 5386
583.99, -198.499, 1401.89, 5845
524.968, -324.729, 1190.39, 5386
596.449, -200.92, 1402.08, 5845
534.456, -332.295, 1203.59, 5386
609.881, -201.655, 1404.79, 5845
543.432, -340.748, 1216.09, 5386
622.947, -203.025, 1404.67, 5845
553.072, -348.051, 1227.32, 5386
636.224, -204.027, 1405.82, 5845
562.921, -354.992, 1236.47, 5386
649.792, -204.527, 1406.03, 5845
571.688, -363.808, 1250.06, 5386
663.18, -205.338, 1406.25, 5845
581.331, -371.105, 1260.91, 5386
676.605, -206.085, 1407.39, 5845
590.612, -379.03, 1271.23, 5386
690.415, -206.166, 1407.89, 5845
599.824, -387.074, 1283.55, 5386
703.747, -207.074, 1409.22, 5845
608.971, -395.232, 1296.21, 5386
718.49, -205.538, 1410.49, 5845
620.559, -405.16, 1313.27, 5386
733.396, -209.72, 1410.63, 5845
634.385, -417.214, 1329.24, 5386
752.697, -212.29, 1411.29, 5845
648.47, -428.816, 1345.19, 5386
661.829, -441.678, 1365.63, 5386
675.762, -453.547, 1380.2, 5386
689.649, -465.492, 1396.99, 5386
702.774, -478.759, 1418.87, 5386
717.066, -490.006, 1430.1, 5386
730.408, -502.897, 1450.38, 5386
743.738, -515.808, 1467.52, 5386
757.25, -528.404, 1484.62, 5386
770.818, -540.904, 1502.03, 5386
784.336, -553.491, 1518.61, 5386
797.466, -566.748, 1539.56, 5386
810.84, -579.584, 1555.15, 5386
824.331, -592.216, 1570.9, 5386
837.184, -605.955, 1591.39, 5386
850.468, -618.947, 1607.6, 5386
863.627, -632.153, 1624.25, 5386
877.634, -643.894, 1636.07, 5386
413, -74.9516, -1388.63, 3412
425, -76.8966, -1389.73, 3412
437, -78.8381, -1391.05, 3412
461, -82.5594, -1394.64, 3412
473, -84.7214, -1395.36, 3412
485, -86.8001, -1397.04, 3412
497, -89.2818, -1399.28, 3412
509, -90.9774, -1400.29, 3412
521, -93.8395, -1401.38, 3412
533, -96.0604, -1403.28, 3412
545, -98.706, -1405.17, 3412
557, -100.951, -1406.2, 3412
569, -103.553, -1407.25, 3412
581, -106.289, -1409.62, 3412
593, -109.185, -1411.29, 3412
605, -112.289, -1412.28, 3412
617, -114.659, -1413.45, 3412
629, -118.093, -1415.93, 3412
641, -120.459, -1416.87, 3412
653, -124.032, -1418.27, 3412
665, -162.5, -1359.33, 2869
665, -126.929, -1420.04, 3412
677, -165.487, -1370.18, 2869
677, -130.448, -1421.89, 3412
689, -162.912, -1379.83, 2869
689, -133.895, -1422.8, 3412
701, -159.077, -1394.01, 2869
701, -136.762, -1424.34, 3412
713, -155.015, -1407.66, 2869
713, -141.159, -1426.72, 3412
725, -151.085, -1417, 2869
725, -144.315, -1426.9, 3412
740, -147.37, -1432.77, 2869
758, -153.904, -1432.14, 3412
758, -139.731, -1449.53, 2869
776, -160.224, -1434.01, 3412
776, -132.743, -1470.5, 2869
794, -165.657, -1436.42, 3412
794, -124.648, -1490.55, 2869
812, -172.264, -1438.74, 3412
812, -116.81, -1509.94, 2869
830, -178.933, -1440.74, 3412
830, -108.593, -1528.1, 2869
848, -185.069, -1443.47, 3412
848, -101.81, -1544.97, 2869
866, -191.956, -1445.3, 3412
866, -89.954, -1567.58, 2869
884, -199.292, -1448.58, 3412
884, -80.9554, -1586.09, 2869
902, -205.96, -1450.23, 3412
902, -67.08, -1611.68, 2869
920, -213.065, -1452.6, 3412
920, -58.1015, -1628.18, 2869
938, -221.632, -1455.39, 3412
956, -227.57, -1456.44, 3412
974, -236.758, -1460.14, 3412
992, -245.294, -1462.05, 3412
1010, -252.344, -1465.13, 3412
1028, -261.792, -1466.86, 3412
1046, -266.69, -1468.67, 3412
1064, -272.5, -1471.3, 3412
1082, -277.5, -1472.77, 3412
376.223, 174.363, -1451.34, 2880
369.282, 186.384, -1068.74, 2325
362.261, 198.546, -1507.2, 2796
360.216, 202.088, -951.365, 1183
319.147, 273.221, -989.16, 2051
388.595, 176.934, -1469.61, 2880
379.419, 192.826, -1064.16, 2325
370.71, 207.912, -960.645, 1183
370.366, 208.507, -1510.14, 2796
329.983, 278.452, -973.392, 2051
400.978, 179.486, -1485.15, 2880
389.104, 200.053, -1056.33, 2325
381.28, 213.604, -969.468, 1183
378.055, 219.19, -1513.08, 2796
340.881, 283.577, -955.796, 2051
413.916, 181.076, -1504.16, 2880
399.238, 206.499, -1052.5, 2325
392.113, 218.84, -980.406, 1183
386.384, 228.764, -1515.72, 2796
351.39, 289.375, -948.026, 2051
426.261, 183.694, -1515.7, 2880
409.231, 213.191, -1048.16, 2325
403.133, 223.754, -990.259, 1183
394.435, 238.819, -1517.15, 2796
362.296, 294.486, -930.075, 2051
439.689, 184.436, -1534.88, 2880
419.082, 220.129, -1042.69, 2325
414.205, 228.576, -1000.66, 1183
401.49, 250.599, -1521.2, 2796
373.03, 299.893, -916.373, 2051
453.282, 184.893, -1553.7, 2880
428.817, 227.268, -1038.18, 2325
424.909, 234.036, -1009.65, 1183
408.886, 261.789, -1524.34, 2796
384.08, 304.754, -901.843, 2051
466.237, 186.454, -1567.4, 2880
435.46, 239.76, -1019.25, 1183
416.556, 272.504, -1526.58, 2796
394.938, 309.947, -887.689, 2051
481.346, 184.285, -1591.11, 2880
446.223, 245.119, -1029.02, 1183
422.906, 285.506, -1528.57, 2796
405.666, 315.366, -872.47, 2051
494.472, 185.549, -1604.03, 2880
457.549, 249.503, -1039.8, 2325
431.209, 295.125, -1531.25, 2796
416.675, 320.297, -856.637, 2051
387.449, 370.918, -1107.39, 2748
508.485, 185.279, -1622.81, 2880
468.746, 254.107, -1049.14, 2325
466.405, 258.162, -1016.29, 2325
437.488, 308.248, -1533.43, 2796
427.317, 325.865, -844.638, 2051
397.842, 376.918, -1101.54, 2748
522.667, 184.714, -1636.51, 2880
479.472, 259.529, -1058.69, 1183
476.234, 265.139, -1009.74, 2325
443.532, 321.78, -1537.46, 2796
438.381, 330.702, -827.993, 2051
405.779, 387.17, -1095.09, 2748
490.187, 264.972, -1068.46, 1183
485.745, 272.665, -1005.37, 2325
449.26, 335.858, -1539.14, 2796
449.176, 336.005, -816.312, 2051
414.963, 395.262, -1090.73, 2748
501.598, 269.207, -1078.61, 1183
494.945, 280.73, -999.98, 2325
460.163, 340.975, -799.451, 2051
455.921, 348.321, -1542.69, 2796
425.031, 401.825, -1084.56, 2748
512.934, 273.572, -1089.14, 1183
503.824, 289.35, -995.415, 2325
471.092, 346.044, -786.368, 2051
464.526, 357.418, -1544.86, 2796
435.325, 407.996, -1079.34, 2748
523.638, 279.032, -1098.43, 1183
512.797, 297.81, -988.198, 2325
482.123, 350.938, -770.649, 2051
467.507, 376.254, -1548.47, 2796
445.528, 414.323, -1074.45, 2748
534.791, 283.716, -1108.47, 1183
522.169, 305.578, -984.423, 2325
493.254, 355.659, -754.141, 2051
472.162, 392.192, -1551.1, 2796
455.764, 420.594, -1067.84, 2748
546.464, 287.496, -1118.35, 1183
530.359, 315.391, -976.492, 2325
504.162, 360.765, -743.169, 2051
477.374, 407.164, -1554.37, 2796
466.047, 426.784, -1063.93, 2748
557.272, 292.777, -1128.3, 1183
539.9, 322.866, -973.39, 2325
515.157, 365.722, -726.606, 2051
482.216, 422.777, -1557.99, 2796
476.461, 432.746, -1058.16, 2748
568.198, 297.852, -1138.47, 1183
548.55, 331.884, -969.155, 2325
526.328, 370.374, -711.91, 2051
486.298, 439.706, -1560.88, 2796
486.835, 438.777, -1053.52, 2748
580.132, 301.182, -1149.11, 1183
557.217, 340.873, -962.178, 2325
537.402, 375.192, -699.89, 2051
497.222, 444.786, -1047.3, 2748
488.094, 460.596, -1565.06, 2796
590.937, 306.468, -1157.21, 1183
565.588, 350.373, -955.728, 2325
548.454, 380.05, -683.659, 2051
507.706, 450.628, -1042.09, 2748
495.721, 471.386, -1566.03, 2796
602.296, 310.792, -1167.14, 1183
573.757, 360.223, -949.518, 2325
559.522, 384.88, -669.796, 2051
518.355, 456.183, -1037.77, 2748
614.104, 314.341, -1178.12, 1183
583.207, 367.856, -946.345, 2325
570.846, 389.265, -652.674, 2051
528.855, 461.996, -1032.07, 2748
624.88, 319.677, -1186.02, 1183
591.62, 377.285, -941.161, 2325
581.766, 394.352, -641.827, 2051
539.437, 467.667, -1026.04, 2748
637.013, 322.661, -1197.1, 1183
599.763, 387.18, -933.854, 2325
592.935, 399.007, -623.469, 2051
550.009, 473.357, -1022.06, 2748
648.019, 327.599, -1206.39, 1183
607.994, 396.923, -929.719, 2325
604.184, 403.523, -611.337, 2051
560.664, 478.901, -1016.05, 2748
663.02, 331.615, -1220.14, 1183
618.084, 409.447, -922.39, 2325
618.282, 409.104, -588.664, 2051
574.229, 485.406, -1007.34, 2748
680.162, 337.924, -1234.35, 1183
634.954, 416.227, -571.425, 2051
629.787, 425.177, -912.823, 2325
590.273, 493.618, -1002.24, 2748
698.26, 342.579, -1249.59, 1183
651.869, 422.93, -547.198, 2051
642.245, 439.6, -904.763, 2325
606.721, 501.129, -992.611, 2748
716.145, 347.6, -1262.9, 1183
668.88, 429.465, -527.963, 2051
653.898, 455.415, -897.493, 2325
622.979, 508.968, -985.033, 2748
734.636, 351.573, -1278.79, 1183
686.055, 435.719, -504.284, 2051
664.928, 472.311, -887.402, 2325
639.568, 516.235, -976.2, 2748
753.273, 355.292, -1294.65, 1183
702.981, 442.402, -483.791, 2051
676.336, 488.551, -879.199, 2325
656.158, 523.5, -969.358, 2748
771.516, 359.696, -1308.49, 1183
720.102, 448.747, -460.623, 2051
687.183, 505.764, -870.221, 2325
672.449, 531.284, -961.556, 2748
789.908, 363.839, -1323.62, 1183
737.029, 455.428, -442.409, 2051
699.095, 521.131, -863.18, 2325
689.342, 538.024, -953.241, 2748
808.116, 368.302, -1339.39, 1183
754.008, 462.019, -419.177, 2051
709.884, 538.445, -855.006, 2325
706.087, 545.021, -945.804, 2748
826.491, 372.476, -1354.54, 1183
771.404, 467.888, -395.812, 2051
723.238, 551.315, -936.974, 2748
719.917, 557.068, -845.148, 2325
844.797, 376.768, -1370.04, 1183
788.6, 474.105, -374.864, 2051
739.917, 558.427, -929.728, 2748
730.085, 575.456, -836.448, 2325
863.859, 379.752, -1385.6, 1183
805.986, 479.99, -351.185, 2051
757.425, 564.102, -920.259, 2748
739.529, 595.098, -826.186, 2325
882.596, 383.3, -1401.85, 1183
823.304, 485.995, -328.916, 2051
774.537, 570.463, -912.321, 2748
748.827, 614.993, -815.909, 2325
901.179, 387.111, -1417.61, 1183
840.838, 491.626, -306.311, 2051
791.501, 577.08, -906.02, 2748
759.863, 631.878, -808.644, 2325
920.291, 390.01, -1433.44, 1183
858.238, 497.488, -284.774, 2051
809.508, 581.89, -895.492, 2748
768.312, 653.245, -798.376, 2325
939.505, 392.73, -1449.22, 1183
875.397, 503.767, -265.912, 2051
826.949, 587.682, -888.382, 2748
775.629, 676.572, -786.591, 2325
958.275, 396.218, -1465.21, 1183
892.745, 509.721, -243.828, 2051
845.135, 592.183, -878.161, 2748
785.174, 696.038, -779.522, 2325
978.05, 397.967, -1481.02, 1183
910.587, 514.818, -219.804, 2051
861.713, 599.47, -873.447, 2748
792.976, 718.526, -767.935, 2325
997.316, 400.598, -1497.84, 1183
928.053, 520.565, -196.874, 2051
880.16, 603.518, -863.757, 2748
799.602, 743.049, -756.589, 2325
1017.01, 402.489, -1514.15, 1183
945.518, 526.315, -177.47, 2051
898.079, 608.481, -855.196, 2748
810.509, 760.157, -748.942, 2325
1036.99, 403.888, -1529.52, 1183
963.47, 531.221, -152.821, 2051
916.59, 612.419, -846.156, 2748
815.97, 786.698, -736.851, 2325
1056.54, 406.026, -1547.19, 1183
981.755, 535.551, -122.448, 2051
934.56, 617.294, -838.89, 2748
825.786, 805.696, -729.652, 2325
1076.32, 407.751, -1561.16, 1183
998.299, 542.895, -118.379, 2051
952.879, 621.565, -830.409, 2748
1096.29, 409.164, -1577.75, 1183
1016.28, 547.756, -90.0679, 2051
971.318, 625.627, -821.586, 2748
1116.7, 409.815, -1594.8, 1183
1034.58, 552.06, -63.5669, 2051
989.731, 629.736, -813.382, 2748
1136.27, 411.915, -1611.34, 1183
1052.34, 557.291, -43.5467, 2051
1008.39, 633.425, -805.001, 2748
290.419, 309.218, -1156.89, 2748
282.645, 313.706, -1365.32, 3110
206.803, 357.494, -1077.28, 1785
187.071, 368.886, -1505.27, 2121
300.653, 317.166, -1150.88, 2748
286.548, 325.309, -1371.32, 3110
215.16, 366.525, -1078.11, 1785
194.048, 378.714, -1510.83, 2121
307.268, 327.203, -1147.07, 2748
291.058, 336.562, -1377.87, 3110
222.941, 375.889, -1079.11, 1785
201.773, 388.11, -1519.69, 2121
317.598, 335.095, -1141.38, 2748
294.31, 348.54, -1385.38, 3110
230.839, 385.186, -1079.7, 1785
208.7, 397.967, -1523.76, 2121
327.928, 342.988, -1135.92, 2748
298.035, 360.246, -1392.76, 3110
238.745, 394.477, -1080.57, 1785
216.588, 407.27, -1531.7, 2121
302.764, 371.372, -1395.66, 3110
246.765, 403.704, -1081.38, 1785
305.986, 383.368, -1404.44, 3110
254.995, 412.809, -1082.14, 1785
309.222, 395.357, -1411.29, 3110
262.903, 422.099, -1082.91, 1785
239.054, 435.868, -1552.14, 2121
313.219, 406.905, -1416.93, 3110
271.237, 431.144, -1083.77, 1785
246.713, 445.303, -1557.01, 2121
316.073, 419.114, -1425.99, 3110
279.472, 440.246, -1085.02, 1785
254.415, 454.713, -1565.1, 2121
320.997, 430.128, -1428.32, 3110
287.481, 449.478, -1085.6, 1785
262.128, 464.116, -1571.55, 2121
323.583, 442.491, -1437.24, 3110
295.755, 458.558, -1086.87, 1785
269.308, 473.827, -1577.42, 2121
327.108, 454.313, -1441.5, 3110
304.29, 467.486, -1087.37, 1785
277.363, 483.033, -1583.48, 2121
330.176, 466.397, -1449.85, 3110
312.198, 476.777, -1088.24, 1785
285.668, 492.094, -1591.8, 2121
333.723, 478.206, -1455.64, 3110
320.813, 485.66, -1089.06, 1785
293.639, 501.348, -1598.24, 2121
336.81, 490.28, -1463.23, 3110
329.229, 494.657, -1090.59, 1785
301.216, 510.83, -1603.9, 2121
339.987, 502.302, -1469.35, 3110
337.632, 503.662, -1091.14, 1785
309.826, 519.715, -1612.7, 2121
347.094, 512.055, -1092.32, 1785
343.272, 514.262, -1475.27, 3110
317.786, 528.977, -1617.89, 2121
354.133, 521.848, -1092.64, 1785
345.806, 526.655, -1482.37, 3110
326.369, 537.877, -1624.89, 2121
363.643, 530.214, -1093.87, 1785
348.939, 538.703, -1488.51, 3110
334.171, 547.229, -1630.85, 2121
371.985, 539.254, -1094.6, 1785
352.101, 550.734, -1494.27, 3110
342.109, 556.503, -1636.81, 2121
459.891, 502.358, -1603.76, 1935
475.394, 493.407, -1549.26, 1935
458.601, 503.103, -1554.86, 1935
465.253, 499.262, -1499.89, 1935
473.229, 494.657, -1449.18, 1935
457.762, 503.587, -1454.85, 1935
464.175, 499.885, -1406.84, 1935
467.074, 498.21, -1370.46, 1935
461.251, 501.572, -1373.18, 1935
465.545, 499.093, -1112.69, 1935
463.313, 500.382, -1069.3, 1935
457.398, 503.797, -1072.92, 1935
465.186, 499.301, -1003.97, 1935
462.57, 500.811, -938.017, 1935
466.664, 498.447, -877.815, 1935
463.108, 500.501, -814.607, 1935
468.303, 497.501, -740.379, 1935
462.257, 500.992, -745.549, 1935
466.559, 498.508, -671.331, 1935
469.71, 496.688, -596.84, 1935
475.394, 493.407, -516.413, 1935
473.229, 494.657, -427.264, 1935
470.005, 496.518, -340.584, 1935
470.529, 496.216, -257.15, 1935
471.064, 495.907, -9.9255, 1935
462.419, 500.898, -1213.38, 1935
464.172, 499.886, -1161.95, 1935
462.37, 500.926, -1330.32, 1935
458.737, 503.024, -1276.83, 1935
380.632, 548.118, -1095.54, 1785
354.51, 563.199, -1502, 3110
483.559, 502.549, -1492.76, 1935
483.008, 502.868, -1446.34, 1935
481.395, 503.799, -1403.92, 1935
459.744, 516.299, -1411.43, 1935
485.724, 501.299, -1367.95, 1935
457.34, 517.687, -1376.76, 1935
479.383, 504.96, -1324.22, 1935
457.109, 517.82, -1335.07, 1935
475.011, 507.484, -1269.7, 1935
460.89, 515.637, -1279.52, 1935
477.191, 506.226, -1208.33, 1935
457.189, 517.774, -1220.3, 1935
469.665, 510.571, -1162.64, 1935
485.724, 501.299, -1110.8, 1935
454.688, 519.218, -1120.21, 1935
485.724, 501.299, -1060.49, 1935
477.255, 506.189, -998.93, 1935
459.857, 516.234, -1012.4, 1935
484.293, 502.126, -929.825, 1935
464.321, 513.657, -941.956, 1935
485.724, 501.299, -873.461, 1935
457.92, 517.352, -887.649, 1935
485.724, 501.299, -802.384, 1935
457.673, 517.495, -822.62, 1935
485.724, 501.299, -733.231, 1935
459.908, 516.204, -752.663, 1935
483.559, 502.549, -661.012, 1935
460.474, 515.878, -684.981, 1935
483.559, 502.549, -588.897, 1935
464.322, 513.656, -610.466, 1935
479.802, 504.718, -513.044, 1935
469.381, 510.735, -523.431, 1935
481.784, 503.574, -415.058, 1935
470.675, 509.988, -435.78, 1935
476.948, 506.366, -338.279, 1935
481.874, 503.522, -249.303, 1935
473.876, 508.14, -262.267, 1935
485.554, 501.397, -162.702, 1935
469.187, 510.847, -179.643, 1935
481.758, 503.589, -81.4643, 1935
474.977, 507.504, -90.3103, 1935
485.724, 501.299, -5.23167, 1935
468.134, 511.455, -18.6549, 1935
457.895, 517.367, -1608.86, 1935
457.084, 517.834, -1076.68, 1935
458.211, 517.184, -1559.78, 1935
458.248, 517.163, -1507.16, 1935
455.985, 518.469, -1460.06, 1935
389.398, 556.913, -1096.31, 1785
357.136, 575.54, -1508.48, 3110
493.889, 510.442, -1583.95, 2796
493.889, 510.442, -1533.1, 1935
493.889, 510.442, -1485.43, 1935
493.889, 510.442, -1439.17, 1935
493.685, 510.56, -1399.39, 1935
492.568, 511.204, -1363.01, 1935
491.166, 512.014, -1317.81, 1935
489.456, 513.001, -1261.35, 1935
490.027, 512.672, -1201.14, 1935
490.718, 512.273, -1151.97, 1935
492.59, 511.192, -1105.39, 1935
490.772, 512.241, -1056.81, 1935
491.047, 512.083, -985.905, 1935
492.504, 511.241, -920.62, 1935
491.717, 511.695, -863.784, 1935
490.511, 512.392, -794.559, 1935
489.208, 513.144, -720.663, 1935
490.379, 512.468, -650.168, 1935
493.036, 510.934, -573.154, 1935
493.171, 510.857, -490.204, 1935
472.7, 522.675, -452.043, 1935
490.775, 512.239, -394.741, 1935
474.722, 521.508, -368.042, 1935
491.585, 511.772, -310.909, 1935
496.054, 509.192, -228.629, 1935
472.204, 522.962, -194.156, 1935
492.142, 511.451, -143.231, 1935
496.054, 509.192, -63.53, 1935
472.938, 522.538, -33.8405, 1935
473.181, 522.397, -110.752, 1935
469.453, 524.55, -618.484, 1935
472.558, 522.757, -543.854, 1935
473.096, 522.447, -276.294, 1935
466.01, 526.538, -769.421, 1935
465.799, 526.66, -689.347, 1935
462.51, 528.559, -1613.86, 1935
463.901, 527.755, -1565.66, 1935
463.99, 527.704, -1513.72, 1935
462.011, 528.847, -1024.27, 1935
463.724, 527.858, -952.902, 1935
463.145, 528.192, -832.064, 1935
460.354, 529.803, -1465.54, 1935
460.459, 529.743, -1419.43, 1935
458.84, 530.677, -1286.61, 1935
458.275, 531.003, -1173.47, 1935
459.554, 530.265, -1121.6, 1935
419.172, 553.58, -1097.74, 1785
458.563, 530.837, -1083.31, 1935
462.002, 528.852, -891.564, 1935
457.978, 531.175, -1379.03, 1935
457.58, 531.405, -1340.99, 1935
457.308, 531.562, -1229.59, 1935
360.32, 587.558, -1514.8, 3110
502.054, 519.584, -1631.61, 1935
487.409, 528.04, -1625.74, 1935
475.852, 534.712, -1620.39, 1935
501.677, 519.802, -1577.93, 1935
488.399, 527.468, -1576.03, 1935
476.284, 534.462, -1570.58, 1935
502.054, 519.584, -1531.07, 1935
484.65, 529.632, -1523.94, 1935
475.738, 534.778, -1518.44, 1935
495.159, 523.565, -1479.59, 1935
471.877, 537.007, -1469.83, 1935
499.091, 521.295, -1435.68, 1935
470.475, 537.816, -1424.43, 1935
498.753, 521.49, -1395.32, 1935
495.201, 523.54, -1360.53, 1935
495.136, 523.578, -1312.3, 1935
497.573, 522.171, -1255.57, 1935
494.166, 524.138, -1194.19, 1935
494.683, 523.84, -1145.33, 1935
496.512, 522.784, -1098.7, 1935
471.905, 536.991, -1089.85, 1935
488.01, 527.692, -971.565, 1935
468.439, 538.992, -958.451, 1935
497.724, 522.084, -911.258, 1935
473.031, 536.34, -901.245, 1935
485.765, 528.988, -848.813, 1935
476.03, 534.609, -839.846, 1935
477.111, 533.985, -547.478, 1935
488.218, 527.572, -472.918, 1935
486.05, 528.824, -375.399, 1935
493.125, 524.739, -299.875, 1935
490.613, 526.189, -214.736, 1935
496.113, 523.014, -136.795, 1935
484.418, 529.766, -120.533, 1935
492.303, 525.214, -52.438, 1935
482.276, 531.003, -39.5513, 1935
487.023, 528.262, -1045.61, 1935
478.781, 533.021, -1036.33, 1935
489.408, 526.885, -784.006, 1935
473.565, 536.032, -771.366, 1935
487.566, 527.949, -710.075, 1935
485.388, 529.206, -634.883, 1935
466.202, 540.283, -1383.18, 1935
467.024, 539.809, -1348.1, 1935
466.262, 540.249, -1295.14, 1935
465.496, 540.691, -1233.85, 1935
466.744, 539.97, -1178.55, 1935
467.901, 539.302, -1129.22, 1935
407.158, 574.372, -1098.09, 1785
362.522, 600.143, -1521.44, 3110
499.593, 534.862, -1580.41, 1935
490.604, 540.051, -1390.2, 1935
479.823, 546.275, -1385.98, 1935
484.257, 543.715, -1354.57, 1935
491.026, 539.807, -1305.32, 1935
480.675, 545.784, -1299.6, 1935
490.341, 540.203, -1138.78, 1935
481.43, 545.348, -1133.5, 1935
493.458, 538.404, -1625.35, 1935
492.418, 539.004, -1476.84, 1935
489.24, 540.839, -1430.54, 1935
492.744, 538.815, -1250, 1935
480.97, 545.613, -1242.45, 1935
495.26, 537.363, -1189.11, 1935
485.894, 542.77, -1185.33, 1935
477.381, 547.686, -1182.25, 1935
492.505, 538.954, -1095.61, 1935
491.274, 539.664, -968.751, 1935
492.485, 538.965, -906.595, 1935
489.98, 540.411, -1524.91, 1935
490.673, 540.011, -847.504, 1935
416.177, 583.021, -1099.34, 1785
364.918, 612.616, -1528.13, 3110
499.813, 548.591, -1582.17, 2796
424.694, 591.961, -1100.01, 1785
367.573, 624.939, -1533.96, 3110
500.721, 565.387, -1586.02, 2796
435.56, 603.008, -1101.17, 1785
498.64, 587.373, -1590.01, 2796
448.77, 616.165, -1102.4, 1785
499.914, 607.422, -1593.32, 2796
462.604, 628.963, -1104.05, 1785
377.699, 677.983, -1562.45, 3110
496.04, 630.443, -1598.21, 2796
476.659, 641.633, -1105.14, 1785
380.064, 697.402, -1573.37, 3110
492.603, 653.213, -1603.43, 2796
490.693, 654.315, -1106.78, 1785
382.988, 716.499, -1584.75, 3110
505.052, 666.81, -1108.15, 1785
488.884, 676.144, -1607.45, 2796
387.035, 734.947, -1591.61, 3110
518.902, 679.598, -1109.12, 1785
493.282, 694.39, -1611.42, 2796
387.194, 755.64, -1605, 3110
532.546, 692.505, -1110.76, 1785
474.251, 726.162, -1617.56, 2796
406.203, 765.449, -1615.43, 3110
546.845, 705.034, -1111.92, 1785
470.226, 749.27, -1621.24, 2796
392.204, 794.316, -1625.26, 3110
562.556, 716.748, -1113.61, 1785
460.818, 775.487, -1627.23, 2796
400.615, 810.245, -1632.57, 3110
576.237, 729.634, -1114.8, 1785
447.267, 804.095, -1633.63, 2796
590.781, 742.022, -1116.18, 1785
441.002, 828.497, -1636.95, 2796
606.558, 753.698, -1117.58, 1785
621.38, 765.924, -1119.24, 1785
635.397, 778.616, -1120.26, 1785
651.857, 789.898, -1121.3, 1785
667.548, 801.623, -1123.28, 1785
682.071, 814.023, -1124.46, 1785
482.639, 929.165, -7.80845, 5951
698.35, 825.409, -1125.85, 1785
492.6, 944.199, -17.225, 5951
713.753, 837.3, -1126.72, 1785
502.721, 959.14, -31.408, 5951
730.702, 848.3, -1128.41, 1785
513.411, 973.753, -45.4461, 5951
745.035, 860.809, -1130.18, 1785
524.21, 988.303, -61.9168, 5951
762.971, 871.239, -1130.65, 1785
534.946, 1002.89, -77.922, 5951
833.543, 851.278, -710.139, 2325
779.939, 882.226, -1132.12, 1785
545.655, 1017.49, -94.5209, 5951
836.136, 870.566, -697.722, 2325
795.327, 894.127, -1133.24, 1785
556.428, 1032.06, -109.178, 5951
843.051, 887.358, -694.882, 2325
812.503, 904.995, -1134.64, 1785
567.207, 1046.62, -124.112, 5951
72.8556, 413, -1210.13, 3058
-9.86329, 413, -1027.27, 1858
70.4377, 425, -1205.01, 3058
-8.14569, 425, -1040.42, 1858
67.477, 437, -1198.11, 3058
-5.47611, 437, -1059.84, 1858
65.2195, 449, -1191.82, 3058
-3.19849, 449, -1075.2, 1858
62.1568, 461, -1186.32, 3058
-0.519438, 461, -1092.25, 1858
59.4827, 473, -1180.47, 3058
2.19979, 473, -1111.21, 1858
55.6711, 485, -1173.69, 3058
4.88008, 485, -1126.56, 1858
51.9633, 497, -1166.92, 3058
5.63416, 497, -1143.92, 1858
49.1621, 509, -1160.28, 3058
11.3749, 509, -1159.56, 1858
44.7504, 521, -1153.39, 3058
14.5997, 521, -1178.17, 1858
40.5969, 533, -1146.83, 3058
17.6018, 533, -1192.71, 1858
36.7818, 545, -1140.77, 3058
21.0647, 545, -1209.81, 1858
33.1153, 557, -1135.16, 3058
25.0557, 557, -1227.05, 1858
28.8551, 569, -1244.11, 1858
28.807, 569, -1128.05, 3058
33.671, 581, -1263.36, 1858
24.993, 581, -1122.3, 3058
36.848, 593, -1277.14, 1858
19.7775, 593, -1115.67, 3058
41.0816, 605, -1295.03, 1858
15.1838, 605, -1109.35, 3058
45.865, 617, -1312.48, 1858
10.8153, 617, -1103.36, 3058
50.8581, 629, -1331.65, 1858
5.09684, 629, -1095.37, 3058
55.0911, 641, -1345.32, 1858
0.589533, 641, -1088.85, 3058
60.1155, 653, -1362.3, 1858
-4.86425, 653, -1081.58, 3058
65.1655, 665, -1379.02, 1858
-11.3551, 665, -1074.67, 3058
71.2663, 677, -1399.52, 1858
-16.3147, 677, -1068.13, 3058
75.7618, 689, -1413.54, 1858
-22.7955, 689, -1061.02, 3058
82.1649, 701, -1433.6, 1858
-28.2154, 701, -1055.26, 3058
87.7203, 713, -1449.12, 1858
-33.4278, 713, -1047.9, 3058
94.673, 725, -1470, 1858
-41.4639, 725, -1040.67, 3058
101.024, 740, -1488.74, 1858
-48.9738, 740, -1033.81, 3058
110.708, 758, -1515.31, 1858
-63.7502, 758, -1017.59, 3058
120.245, 776, -1540.23, 1858
-67.9444, 776, -1013.04, 3058
131.78, 794, -1570.82, 1858
-82.9427, 794, -999.145, 3058
144.331, 812, -1601.44, 1858
-92.9701, 812, -989.721, 3058
153.176, 830, -1621.4, 1858
-106.264, 830, -977.094, 3058
159.406, 848, -1636.87, 1858
-119.435, 848, -966.57, 3058
-131.534, 866, -955.843, 3058
-144.545, 884, -943.071, 3058
-162.726, 902, -929.671, 3058
-175.319, 920, -919.21, 3058
-193.679, 938, -905.069, 3058
-207.062, 956, -894.166, 3058
-219.934, 974, -885.796, 3058
-228.244, 974, -878.556, 3058
-241.546, 992, -868.944, 3058
-255.145, 1010, -858.125, 3058
-300.164, 1172, -1451.01, 1742
-294.236, 1190, -1454.68, 1742
-228.135, 345.178, -1323.11, 1742
-237.613, 339.705, -1159.18, 3089
-234.124, 355.576, -1325.01, 1742
-242.691, 350.63, -1166.3, 3089
-240.005, 366.037, -1327.9, 1742
-247.883, 361.489, -1172.8, 3089
-247.726, 375.436, -1216.31, 3089
-256.976, 370.095, -1186.54, 3089
-245.869, 376.508, -1329.26, 1742
-251.643, 387.031, -1331.5, 1742
-258.155, 383.271, -1186.19, 3089
-256.969, 397.812, -1334.06, 1742
-263.126, 394.258, -1192.33, 3089
-262.123, 408.693, -1335.03, 1742
-267.989, 405.306, -1200.46, 3089
-267.306, 419.557, -1337.74, 1742
-272.976, 416.284, -1206.24, 3089
-272.404, 430.47, -1339.92, 1742
-277.843, 427.33, -1212.88, 3089
-277.855, 441.179, -1341.79, 1742
-282.586, 438.448, -1220.1, 3089
-283.068, 452.026, -1344.17, 1742
-287.413, 449.517, -1227.12, 3089
-287.889, 463.099, -1345.72, 1742
-292.215, 460.601, -1233.04, 3089
-292.254, 474.435, -1347.47, 1742
-296.576, 471.94, -1239.73, 3089
-297.261, 485.401, -1349.89, 1742
-301.521, 482.941, -1246.43, 3089
-301.858, 496.603, -1351.14, 1742
-306.047, 494.185, -1253.36, 3089
-305.509, 508.352, -1354.14, 1742
-310.648, 505.385, -1260.06, 3089
-310.524, 519.313, -1356.12, 1742
-315.105, 516.668, -1267.06, 3089
-313.519, 531.44, -1357.47, 1742
-319.457, 528.012, -1274.07, 3089
-318.505, 542.417, -1359.95, 1742
-323.848, 539.333, -1280.78, 3089
-450.899, 465.98, -330.45, 2651
-321.341, 554.636, -1361.93, 1742
-328.577, 550.459, -1286.66, 3089
-325.672, 565.993, -1362.88, 1742
-332.491, 562.056, -1294.26, 3089
-467.229, 484.265, -319.207, 2651
-328.413, 578.266, -1366.22, 1742
-336.853, 573.393, -1300.44, 3089
-473.229, 494.657, -313.832, 2651
-331.966, 590.072, -1367.51, 1742
-341.337, 584.661, -1306.22, 3089
-483.037, 502.851, -306.342, 2651
-335.536, 601.867, -1369.59, 1742
-345.146, 596.319, -1314.06, 3089
-490.622, 512.328, -299.966, 2651
-338.191, 614.191, -1372.37, 1742
-349.081, 607.903, -1321.9, 3089
-496.952, 522.53, -294.268, 2651
-341.354, 626.221, -1373.22, 1742
-353.525, 619.194, -1326.89, 3089
-502.885, 532.961, -288.41, 2651
-344.482, 638.271, -1375.51, 1742
-357.827, 630.566, -1333.9, 3089
-508.913, 543.337, -282.646, 2651
-347.94, 653.595, -1378.1, 1742
-362.203, 645.361, -1343.56, 3089
-516.249, 556.422, -273.849, 2651
-351.257, 672.464, -1381.02, 1742
-366.868, 663.451, -1355.19, 3089
-525.422, 571.91, -266.581, 2651
-353.552, 691.924, -1383.8, 3089
-374.519, 679.819, -1361.45, 3089
-533.22, 588.193, -256.279, 2651
-357.801, 710.256, -1386, 3089
-379.607, 697.666, -1373.42, 3089
-541.583, 604.149, -248.807, 2651
-359.984, 729.78, -1389.74, 1742
-385.475, 715.063, -1384.3, 3089
-549.534, 620.343, -238.584, 2651
-362.031, 749.383, -1393.45, 1742
-391.184, 732.551, -1394.35, 3089
-557.464, 636.55, -229.17, 2651
-362.828, 769.707, -1395.45, 3089
-395.499, 750.845, -1404.42, 3089
-565.233, 652.849, -221.273, 2651
-365.308, 789.06, -1399.12, 1742
-400.891, 768.516, -1414.15, 3089
-572.918, 669.196, -212.133, 2651
-365.852, 809.53, -1401.44, 1742
-406.22, 786.224, -1424.13, 3089
-580.216, 685.767, -202.699, 2651
-366.912, 829.703, -1404.91, 1742
-411.061, 804.214, -1434.36, 3089
-587.689, 702.238, -194.333, 2651
-365.905, 851.069, -1406.94, 1742
-415.893, 822.209, -1445.25, 3089
-594.918, 718.849, -185.687, 2651
-367.067, 871.183, -1410.84, 1742
-420.272, 840.465, -1456.06, 3089
-601.829, 735.643, -175.804, 2651
-364.974, 893.176, -1413.02, 1742
-424.907, 858.573, -1466.3, 3089
-608.098, 752.808, -166.302, 2651
-364.089, 914.472, -1416.74, 1742
-429.218, 876.869, -1476.91, 3089
-615.318, 769.424, -159.016, 2651
-362.074, 936.419, -1419.46, 1742
-433.616, 895.114, -1486.94, 3089
-621.559, 786.606, -148.663, 2651
-359.736, 958.554, -1422.42, 1742
-437.826, 913.468, -1496.91, 3089
-627.799, 803.788, -139.475, 2651
-355.689, 981.675, -1426.52, 1742
-441.43, 932.173, -1508.64, 3089
-634.021, 820.98, -131.162, 2651
-293.73, 1038.23, -832.152, 3058
-352.71, 1004.18, -1429.09, 1742
-445.644, 950.524, -1519.17, 3089
-640.201, 838.197, -121.672, 2651
-307.66, 1050.97, -822.476, 3058
-348.059, 1027.65, -1432.88, 1742
-449.245, 969.23, -1530.07, 3089
-646.035, 855.613, -112.415, 2651
-322.208, 1063.36, -812.085, 3058
-341.564, 1052.18, -1435.07, 1742
-453.5, 987.558, -1539.55, 3089
-651.595, 873.187, -103.398, 2651
-335.133, 1076.68, -1438.79, 1742
-337.229, 1075.47, -803.153, 3058
-457.453, 1006.06, -1549.34, 3089
-657.281, 890.689, -94.4135, 2651
-323.881, 1103.96, -1442.75, 1742
-330.724, 1100.01, -1439.77, 1742
-352.362, 1087.52, -791.93, 3058
-460.044, 1025.35, -1561.69, 3089
-663, 908.172, -86.5764, 2651
-320.864, 1126.49, -1444.55, 1742
-369.843, 1098.21, -780.337, 3058
-463.949, 1043.88, -1571.13, 3089
-666.779, 926.775, -74.6378, 2651
-319.645, 1147.98, -1446.93, 1742
-382.545, 1111.66, -773.627, 3058
-466.251, 1063.33, -1583.03, 3089
-672.392, 944.319, -66.5966, 2651
-400.388, 1122.15, -762.479, 3058
-470.954, 1081.4, -1590.75, 3089
-676.522, 962.719, -56.5186, 2651
-417.84, 1132.85, -750.861, 3058
-473.042, 1100.98, -1603.68, 3089
-681.239, 980.78, -48.1605, 2651
-317.764, 275.617, -446.577, 2651
-406.289, 122.287, -1226, 628
-326.308, 284.818, -441.29, 2651
-417.6, 126.695, -1220.34, 628
-334.259, 295.046, -434.135, 2651
-428.307, 132.151, -1215.44, 628
-342.992, 303.92, -429.356, 2651
-438.919, 137.77, -1211.05, 628
-350.959, 314.121, -422.243, 2651
-449.587, 143.293, -1206.07, 628
-359.047, 324.113, -416.055, 2651
-460.139, 149.016, -1201.93, 628
-367.184, 334.019, -409.583, 2651
-470.814, 154.526, -1197.37, 628
-375.179, 344.171, -403.221, 2651
-481.365, 160.251, -1191.76, 628
-382.843, 354.897, -396.953, 2651
-491.914, 165.981, -1188.01, 628
-391.027, 364.721, -391.349, 2651
-502.53, 171.593, -1184.31, 628
-398.675, 375.475, -384.093, 2651
-513.048, 177.375, -1178.58, 628
-406.497, 385.926, -378.138, 2651
-523.469, 183.326, -1174.38, 628
-414.572, 395.94, -372.032, 2651
-534.013, 189.062, -1169.23, 628
-424.116, 403.409, -366.466, 2651
-544.454, 194.977, -1165.58, 628
-432.047, 413.673, -360.354, 2651
-554.911, 200.866, -1160.55, 628
-439.935, 424.01, -353.503, 2651
-565.315, 206.846, -1156.32, 628
-450.195, 430.239, -347.107, 2651
-575.734, 212.8, -1150.83, 628
-586.091, 218.861, -1146.9, 628
-596.366, 225.063, -1141.48, 628
-606.798, 230.995, -1137.49, 628
-617.194, 236.989, -1132.91, 628
-627.421, 243.275, -1128.56, 628
-637.554, 249.724, -1123.01, 628
-647.753, 256.059, -1119.38, 628
-658.04, 262.242, -1114.82, 628
-668.272, 268.519, -1110.11, 628
-678.398, 274.98, -1104.91, 628
-691.043, 283.079, -1100.27, 628
-734.435, 207.921, -5.30737, 4427
-706.416, 292.451, -1092.26, 628
-749.988, 216.983, -19.1767, 4427
-721.76, 301.875, -1086.86, 628
-763.175, 230.142, -43.2672, 4427
-736.606, 312.16, -1079.9, 628
-775.802, 244.272, -69.7627, 4427
-751.159, 322.954, -1070.49, 628
-788.335, 258.564, -96.5252, 4427
-766.661, 332.103, -1067.18, 628
-801.072, 272.502, -122.037, 4427
-781.653, 342.138, -1058.54, 628
-812.625, 288.491, -151.692, 4427
-796.589, 352.267, -1051.82, 628
-824.809, 303.388, -175.065, 4427
-811.372, 362.663, -1044.96, 628
-836.55, 319.053, -201.045, 4427
-826.188, 373, -1038.15, 628
-847.961, 335.289, -229.294, 4427
-841.028, 383.296, -1030.74, 628
-859.006, 352.157, -257.833, 4427
-855.679, 393.921, -1024.07, 628
-870.012, 369.095, -286.207, 4427
-870.493, 404.262, -1017.05, 628
-880.746, 386.503, -315.177, 4427
-885.359, 414.514, -1010.96, 628
-890.909, 404.9, -345.535, 4427
-899.668, 425.73, -1003.38, 628
-900.803, 423.763, -375.916, 4427
-910.52, 442.934, -405.921, 4427
-914.442, 436.14, -997.451, 628
-919.325, 463.682, -437.016, 4427
-928.898, 447.102, -990.992, 628
-927.675, 485.22, -469.481, 4427
-943.317, 458.128, -983.549, 628
-935.882, 507.004, -502.985, 4427
-957.761, 469.11, -977.104, 628
-942.32, 531.853, -541.84, 4427
-972.023, 480.406, -969.906, 628
-949.088, 556.132, -578.2, 4427
-986.078, 492.063, -962.382, 628
-955.552, 580.935, -614.733, 4427
-1000.73, 502.679, -957.63, 628
-960.26, 608.78, -654.874, 4427
-1014.59, 514.677, -949.167, 628
-964.455, 637.516, -696.836, 4427
-1029.04, 525.642, -943.126, 628
-1148.14, 319.357, -856.073, 2565
-967.669, 667.949, -739.862, 4427
-1042.87, 537.703, -935.391, 628
-1165.46, 325.37, -858.739, 2565
-969.502, 700.773, -784.051, 4427
-1057.13, 548.995, -929.25, 628
-1180.41, 335.462, -861.568, 2565
-413, 13.4255, -728.477, 2565
-413, -20.2142, -1245.86, 1738
-413, -57.8623, -459.67, 397
-425, 14.9812, -729.841, 2565
-425, -24.7548, -1245.32, 1738
-425, -58.4434, -474.455, 397
-437, 15.818, -730.321, 2565
-437, -28.7997, -1245.5, 1738
-437, -58.4057, -488.997, 397
-449, 19.2676, -734.43, 2565
-449, -28.2547, -1052.15, 6349
-449, -37.4223, -1048.01, 6349
-449, -29.2539, -1017.03, 6349
-449, -40.3502, -1014.29, 6349
-449, -33.6322, -969.06, 6349
-449, -32.086, -1246.57, 1738
-449, -34.2335, -1163.93, 6349
-449, -33.094, -1116.23, 6349
-449, -36.0601, -1096.87, 6349
-449, -34.0518, -1077.95, 6349
-449, -36.7653, -910.899, 6349
-449, -42.1774, -850.934, 6349
-449, -36.5032, -782.153, 6349
-449, -33.2494, -715.389, 6349
-449, -35.0468, -1184.51, 6349
-449, -36.3448, -1139.16, 6349
-449, -39.2539, -648.602, 6349
-449, -32.5, -177.42, 6349
-449, -39.7047, -432.85, 6349
-449, -38.9256, -82.5187, 6349
-449, -44.6439, -506.821, 6349
-449, -58.8597, -500.781, 397
-461, 21.8717, -734.165, 2565
-461, -22.1373, -1143.41, 6349
-461, -40.5298, -1137.99, 6349
-461, -24.4149, -1118.69, 6349
-461, -30.8018, -1115.96, 6349
-461, -47.6826, -1112.42, 6349
-461, -18.3483, -1099.3, 6349
-461, -36.5115, -1096.62, 6349
-461, -47.8774, -1093.75, 6349
-461, -24.6214, -1080.46, 6349
-461, -23.0853, -1054.5, 6349
-461, -48.1792, -1042.76, 6349
-461, -23.8988, -1019.39, 6349
-461, -25.4524, -975.134, 6349
-461, -47.2677, -956.193, 6349
-461, -26.7878, -916.422, 6349
-461, -52.0028, -904.332, 6349
-461, -26.5918, -4.89782, 6349
-461, -30.4047, -1213.33, 6349
-461, -46.721, -1212.62, 6349
-461, -30.4312, -1184.97, 6349
-461, -44.2544, -1180.55, 6349
-461, -32.8333, -1164.12, 6349
-461, -45.586, -1159.35, 6349
-461, -29.1625, -857.389, 6349
-461, -42.7146, -844.905, 6349
-461, -28.1137, -791.606, 6349
-461, -46.4668, -768.856, 6349
-461, -28.7365, -717.991, 6349
-461, -47.1186, -701.646, 6349
-461, -38.1946, -647.024, 6349
-461, -30.4213, -583.254, 6349
-461, -31.7502, -515.955, 6349
-461, -45.167, -501.777, 6349
-461, -58.9256, -513.079, 397
-461, -41.5581, -430.23, 6349
-461, -33.0208, -358.627, 6349
-461, -43.9837, -336.388, 6349
-461, -29.8994, -178.056, 6349
-461, -39.2259, -163.617, 6349
-461, -33.156, -89.1329, 6349
-461, -45.9381, -63.7039, 6349
-461, -32.8146, -274.449, 6349
-461, -41.5203, -255.573, 6349
-461, -35.8878, -1247.41, 6349
-461, -47.7757, -1588, 6349
-461, -46.6745, -1306.03, 6349
-461, -45.9078, -1073.63, 6349
-461, -48.7144, -1527.36, 6349
-461, -50.1273, -1480.96, 6349
-461, -46.7303, -1438.58, 6349
-461, -50.0217, -1390.96, 6349
-461, -47.7983, -1343.24, 6349
-461, -51.1666, -1275.63, 6349
-461, -56.9712, -1257.08, 6349
-461, -47.7467, -1007.9, 6349
-461, -52.223, -1635.54, 6349
-473, 24.3074, -737.002, 2565
-473, -25.9835, -1220.8, 6349
-473, -37.9952, -1244.61, 6349
-473, -23.2913, -1168.23, 6349
-473, -21.7749, -1148.59, 6349
-473, -21.3634, -1120.73, 6349
-473, -22.2864, -1085.05, 6349
-473, -23.7758, -1060.71, 6349
-473, -49.078, -1067.78, 6349
-473, -23.5116, -1102.29, 6349
-473, -27.2869, -1028.85, 6349
-473, -46.9904, -1037.49, 6349
-473, -22.9103, -987.976, 6349
-473, -46.754, -1000.58, 6349
-473, -20.3094, -930.154, 6349
-473, -47.1442, -948.93, 6349
-473, -27.9353, -869.585, 6349
-473, -45.8291, -889.441, 6349
-473, -29.1018, -805.078, 6349
-473, -45.3746, -823.631, 6349
-473, -27.3965, -732.485, 6349
-473, -41.6796, -747.928, 6349
-473, -27.7247, -666.112, 6349
-473, -47.878, -690.688, 6349
-473, -26.6606, -598.361, 6349
-473, -28.3152, -533.826, 6349
-473, -28.1703, -459.7, 6349
-473, -48.142, -484.606, 6349
-473, -27.868, -378.971, 6349
-473, -46.6574, -411.74, 6349
-473, -28.5851, -294.704, 6349
-473, -44.5987, -243.113, 6349
-473, -26.6134, -197.313, 6349
-473, -35.401, -218.177, 6349
-473, -31.0807, -106.726, 6349
-473, -47.0259, -140.135, 6349
-473, -28.1446, -14.3419, 6349
-473, -47.1339, -56.1243, 6349
-473, -38.9224, -1314.26, 6349
-473, -57.9642, -1300.61, 6349
-473, -39.8234, -1608.45, 6349
-473, -54.9995, -1619.68, 6349
-473, -43.9993, -1545.01, 6349
-473, -50.4114, -1552.83, 6349
-473, -56.3726, -1512.24, 6349
-473, -41.3033, -1492.06, 6349
-473, -42.6921, -1448.2, 6349
-473, -58.3356, -1427.11, 6349
-473, -42.0509, -1403.31, 6349
-473, -59.7519, -1381.92, 6349
-473, -41.4916, -1350.21, 6349
-473, -56.7836, -1334.61, 6349
-473, -39.0652, -1283.71, 6349
-473, -48.591, -1090.96, 6349
-473, -44.7325, -332.684, 6349
-473, -46.7189, -1208.85, 6349
-473, -53.2929, -1199.77, 6349
-473, -60.9132, -1254.81, 6349
-473, -46.0742, -1174.66, 6349
-473, -47.8785, -1157.24, 6349
-473, -48.7763, -1133.63, 6349
-473, -49.0396, -1110.22, 6349
-473, -49.6161, -626.458, 6349
-473, -49.847, -559.007, 6349
-473, -47.5, -1500.91, 6349
-473, -49.6744, -1480.98, 6349
-473, -58.2974, -1473.36, 6349
-473, -52.5, -1418.34, 6349
-473, -52.5, -1274.86, 6349
-473, -52.5, -1195.68, 6349
-473, -59.0715, -528.682, 397
-473, -60.1336, -1234.14, 6349
-473, -67.5, -1271, 6349
-485, 30, -738.478, 6349
-485, -29.3825, -1211.46, 6349
-485, -38.7092, -1211.2, 6349
-485, -22.5, -1191.57, 6349
-485, -33.9595, -1153.47, 6349
-485, -22.5, -1122.66, 6349
-485, -28.3298, -1104.69, 6349
-485, -40.9499, -1108.36, 6349
-485, -30.6909, -537.786, 397
-485, -59.1242, -540.636, 397
-485, -38.9038, -1173.95, 6349
-485, -35.8942, -1127, 6349
-485, -34.4931, -1064.41, 6349
-485, -35.6364, -1031.78, 6349
-485, -36.4641, -997.041, 6349
-485, -36.678, -940.23, 6349
-485, -38.2825, -881.225, 6349
-485, -39.8106, -680.31, 6349
-485, -38.8227, -614.647, 6349
-485, -32.2152, -464.457, 6349
-485, -42.0025, -474.865, 6349
-485, -37.9343, -397.547, 6349
-485, -38.0168, -314.457, 6349
-485, -35.1021, -217.929, 6349
-485, -32.4503, -24.4669, 6349
-485, -40.1846, -32.0747, 6349
-485, -37.5, -1320.47, 6349
-485, -32.5, -1226.03, 6349
-485, -39.1171, -1087.6, 6349
-485, -38.647, -815.806, 6349
-485, -40.4263, -746.767, 6349
-485, -33.0264, -121.554, 6349
-485, -44.8203, -1456.83, 6349
-485, -57.5, -1463.61, 6349
-485, -48.862, -1365.04, 6349
-485, -43.4457, -1286.87, 6349
-485, -53.0356, -1291.92, 6349
-485, -37.5, -1263.22, 6349
-485, -44.3652, -1247.38, 1738
-485, -46.5469, -1617.1, 6349
-485, -48.5546, -1556.11, 6349
-485, -49.7173, -1504.69, 6349
-485, -50.2069, -1413.75, 6349
-485, -46.8239, -1228.65, 6349
-485, -48.2619, -1195.65, 6349
-485, -54.7198, -1253.12, 6349
-485, -60.2342, -1252.77, 6349
-485, -59.5593, -1269.15, 6349
-497, 32.006, -742.196, 2565
-497, -41.8051, -1230, 6349
-497, -48.7473, -1245.49, 6349
-497, -59.6916, -554.593, 397
-509, 32.1131, -744.011, 2565
-509, -54.2062, -1246.43, 1738
-509, -59.7274, -568.336, 397
-521, 35.158, -746.431, 2565
-521, -58.2259, -1245.45, 1738
-521, -60.0056, -580.247, 397
-533, 38.156, -747.452, 2565
-533, -61.6805, -1245.39, 1738
-533, -59.6033, -594.301, 397
-545, 40.2575, -749.108, 2565
-545, -58.9153, -608.672, 397
-545, -67.4355, -1246.11, 1738
-557, 45.1113, -750.982, 2565
-557, -58.7048, -619.608, 397
-557, -71.5483, -1245.68, 1738
-569, 48.0203, -753.505, 2565
-569, -58.0783, -636.821, 397
-569, -78.385, -1245.52, 1738
-581, 50.2067, -755.148, 2565
-581, -57.855, -641.544, 397
-581, -82.254, -1245.89, 1738
-593, 54.0937, -757.391, 2565
-593, -56.7421, -659.816, 397
-593, -87.9604, -1245.33, 1738
-605, 57.0413, -759.463, 2565
-605, -56.8119, -675.334, 397
-605, -91.2357, -1245.43, 1738
-617, 61.4878, -762.154, 2565
-617, -55.7926, -685.903, 397
-617, -97.5579, -1245.85, 1738
-629, 64.8305, -763.181, 2565
-629, -55.4581, -700.532, 397
-629, -104.349, -1245.41, 1738
-641, 68.0445, -766.436, 2565
-641, -54.3255, -712.585, 397
-641, -109.517, -1245, 1738
-653, 72.4158, -768.973, 2565
-653, -53.0912, -728.204, 397
-653, -117.115, -1245.29, 1738
-665, 76.6474, -769.138, 2565
-665, -52.5137, -736.953, 397
-665, -120.478, -1245.18, 1738
-677, 80.9452, -773.197, 2565
-677, -52.5, -752.278, 397
-677, -128.157, -1245.49, 1738
-689, 32.3258, -773.078, 397
-689, -50.0174, -767.139, 397
-689, -134.038, -1245.16, 1738
-701, 31.6918, -774.897, 397
-701, -48.7878, -780.938, 397
-701, -139.631, -1245.47, 1738
-713, 92.8482, -777.641, 2565
-713, -45.7309, -789.069, 397
-713, -144.261, -1245.81, 1738
-725, 97.0349, -778.568, 2565
-725, -46.4263, -807.289, 397
-725, -155.326, -1245.62, 1738
-740, 101.102, -781.74, 2565
-740, -44.3462, -824.845, 397
-740, -158.07, -1245.44, 1738
-758, 108.991, -785.556, 2565
-758, -42.1979, -840.759, 397
-758, -174.323, -1246.13, 1738
-776, 117.107, -789.401, 2565
-776, -39.9984, -861.137, 397
-776, -183.426, -1245.85, 1738
-794, 123.511, -792.519, 2565
-794, -37.0255, -882.24, 397
-794, -196.652, -1246.04, 1738
-812, 130.408, -794.447, 2565
-812, -202.158, -1245.73, 1738
-830, 140.066, -798.361, 2565
-830, -31.2389, -919.891, 397
-830, -207.5, -1245.81, 1738
-848, 145.696, -800.823, 2565
-848, -27.4142, -944.466, 397
-866, 153.056, -803.818, 2565
-866, -24.6022, -964.064, 397
-884, 162.476, -807.508, 2565
-884, -20.9657, -984.497, 397
-902, 171, -811.258, 2565
-902, -17.9738, -1000.33, 397
-920, 179.13, -814.19, 2565
-920, -13.957, -1021.89, 397
-938, 188.285, -817.148, 2565
-938, -9.21997, -1046.95, 397
-956, 198.936, -819.884, 2565
-956, -5.45856, -1062.81, 397
-974, 208.156, -823.294, 2565
-974, -1.17004, -1083.62, 397
-992, 216.971, -826.021, 2565
-992, 3.58042, -1103.35, 397
-1010, 230.952, -831.225, 2565
-1010, 9.18783, -1129.88, 397
-1028, 233.99, -833.265, 2565
-1028, 14.1729, -1148.95, 397
-1046, 250.392, -836.725, 2565
-1046, 18.6697, -1167.23, 397
-1064, 257.722, -839.911, 2565
-1064, 24.5387, -1189.82, 397
-1082, 270.511, -843.349, 2565
-1082, 28.4861, -1204.03, 397
-1100, 280.809, -846.038, 2565
-1100, 34.9817, -1228.72, 397
-1118, 287.137, -847.899, 2565
-1118, 41.1905, -1251.5, 397
-1136, 48.1288, -1276.4, 397
-1154, 53.8357, -1294.04, 397
-1172, 60.5478, -1317.85, 397
-1190, 65.2464, -1331.23, 397
-374.439, -177.453, -1543.42, 944
-384.621, -183.817, -1547.86, 944
-394.685, -190.385, -1552.46, 944
-404.722, -197.002, -1559.12, 944
-414.868, -203.428, -1564.61, 944
-424.474, -210.79, -1570.15, 944
-434.499, -217.425, -1573.08, 944
-443.949, -225.057, -1581.55, 944
-454.061, -231.544, -1585.18, 944
-463.27, -239.594, -1592.88, 944
-473.314, -246.196, -1595.18, 944
-482.685, -253.966, -1601.48, 944
-491.93, -261.952, -1607.6, 944
-413.626, -397.578, -1391.11, 1087
-501.151, -269.98, -1614.39, 944
-424.021, -403.574, -1397.99, 1087
-510.646, -277.536, -1618.98, 944
-433.227, -411.629, -1405.07, 1087
-519.409, -286.357, -1624.11, 944
-444.021, -416.933, -1411.24, 1087
-529.005, -293.737, -1629.24, 944
-455.041, -421.846, -1418.05, 1087
-537.927, -302.283, -1635.25, 944
-466.168, -426.573, -1425.36, 1087
-547.55, -309.616, -1636.95, 944
-477.157, -431.54, -1431.99, 1087
-487.92, -436.897, -1439.5, 1087
-499.383, -441.044, -1447.09, 1087
-510.76, -445.337, -1454.11, 1087
-521.551, -450.648, -1460.08, 1087
-533.496, -453.958, -1468.99, 1087
-544.66, -458.622, -1475.48, 1087
-556.49, -462.131, -1483.19, 1087
-567.934, -466.31, -1490.23, 1087
-583.221, -469.831, -1501.01, 1087
-601.054, -474.944, -1510.83, 1087
-619.456, -479.071, -1522.77, 1087
-637.744, -483.396, -1533.51, 1087
-656.263, -487.319, -1544.97, 1087
-675.872, -489.356, -1557.02, 1087
-694.748, -492.66, -1568.05, 1087
-858.728, -244.639, -1246.32, 1738
-714.451, -494.535, -1580.06, 1087
-875.39, -251.78, -1245.56, 1738
-733.891, -496.864, -1592.47, 1087
-890.092, -262.315, -1245.9, 1738
-753.607, -498.714, -1603.61, 1087
-904.303, -273.701, -1245.86, 1738
-774.179, -499.082, -1616.48, 1087
-918.608, -284.923, -1245.57, 1738
-793.887, -500.947, -1627.55, 1087
-932.992, -296.01, -1245.82, 1738
-812.857, -504.09, -1636.49, 1087
-946.841, -308.023, -1245.9, 1738
-960.69, -320.036, -1245.75, 1738
-974.592, -331.957, -1245.93, 1738
-988.204, -344.381, -1245.63, 1738
-1002, -356.488, -1245.92, 1738
-1015.76, -368.659, -1246.06, 1738
-1029.21, -381.362, -1245.92, 1738
-1042.24, -394.781, -1245.89, 1738
-1055.65, -407.554, -1246.24, 1738
-1068.59, -421.148, -1245.4, 1738
-1080.95, -435.747, -1246.3, 1738
-1094.66, -447.999, -1246.48, 1738
-1106.17, -464.063, -1246.59, 1738
-279.584, -315.473, -1301.08, 1087
-224.364, -347.355, -905.324, 1449
-179.066, -373.507, -1384.17, 972
-130.623, -401.476, -936.004, 1175
-290.042, -323.292, -1308.4, 1087
-230.279, -357.796, -905.549, 1449
-181.325, -386.06, -1385.65, 972
-134.909, -412.858, -923.003, 1175
-300.286, -331.234, -1315.34, 1087
-236.563, -368.024, -903.526, 1449
-184.157, -398.281, -1387.72, 972
-139.523, -424.05, -911.503, 1175
-311.08, -338.859, -1323.81, 1087
-242.456, -378.478, -903.678, 1449
-186.276, -410.914, -1389.31, 972
-144.143, -435.239, -900.084, 1175
-321.495, -346.702, -1330.93, 1087
-248.332, -388.942, -903.703, 1449
-188.904, -423.253, -1390.63, 972
-148.343, -446.671, -886.168, 1175
-332.038, -354.471, -1338.24, 1087
-254.166, -399.431, -902.263, 1449
-189.584, -436.717, -1393.15, 972
-153.267, -457.685, -875.732, 1175
-342.832, -362.095, -1345.88, 1087
-260.106, -409.857, -901.472, 1449
-191.083, -449.708, -1394.48, 972
-157.838, -468.902, -863.968, 1175
-350.258, -371.665, -1351.05, 1087
-266.095, -420.256, -900.645, 1449
-194.08, -461.834, -1395.05, 972
-162.251, -480.21, -850.598, 1175
-360.588, -379.557, -1358.68, 1087
-271.744, -430.851, -900.639, 1449
-193.827, -475.836, -1397.44, 972
-167.213, -491.202, -839.149, 1175
-370.918, -387.449, -1365.17, 1087
-277.533, -441.365, -901.202, 1449
-194.953, -489.043, -1399.51, 972
-171.931, -502.335, -827.488, 1175
-283.498, -451.778, -899.986, 1449
-195.935, -502.332, -1401.18, 972
-176.424, -513.597, -813.229, 1175
-288.79, -462.579, -899.381, 1449
-197.07, -515.533, -1401.64, 972
-181.562, -524.487, -804.426, 1175
-294.043, -473.402, -899.674, 1449
-195.555, -530.264, -1404.85, 972
-186.373, -535.566, -790.858, 1175
-299.844, -483.91, -898.824, 1449
-198.514, -542.413, -1405.39, 972
-191.128, -546.677, -779.986, 1175
-305.017, -494.78, -898.545, 1449
-194.857, -558.38, -1407.21, 972
-195.737, -557.872, -763.237, 1175
-310.913, -505.232, -896.894, 1449
-201.196, -568.577, -754.982, 1175
-195.913, -571.627, -1409.07, 972
-315.172, -516.629, -895.669, 1449
-206.419, -579.418, -745.916, 1175
-196.232, -585.299, -1411.13, 972
-320.935, -527.158, -896.332, 1449
-211.274, -590.471, -731.529, 1175
-193.996, -600.446, -1413.06, 972
-326.257, -537.942, -896.339, 1449
-216.185, -601.492, -717.789, 1175
-194.809, -613.833, -1414.34, 972
-331.305, -548.884, -894.689, 1449
-221.456, -612.305, -708.137, 1175
-190.321, -630.281, -1416.77, 972
-336.483, -559.751, -894.774, 1449
-226.69, -623.14, -695.633, 1175
-189.11, -644.837, -1417.99, 972
-341.449, -570.74, -893.823, 1449
-231.635, -634.142, -680.215, 1175
-192.116, -656.958, -1419.38, 972
-346.678, -581.578, -893.07, 1449
-237.092, -644.847, -668.271, 1175
-193.441, -670.049, -1420.08, 972
-351.677, -592.548, -892.829, 1449
-242.56, -655.547, -662.882, 1175
-356.073, -603.866, -892.674, 1449
-247.715, -666.427, -646.49, 1175
-360.954, -614.905, -891.864, 1449
-252.932, -677.271, -635.155, 1175
-366.056, -625.815, -891.714, 1449
-258.29, -688.034, -622.664, 1175
-371.593, -639.939, -889.83, 1449
-265.356, -701.275, -607.569, 1175
-378.514, -656.728, -889.307, 1449
-273.378, -717.428, -589.021, 1175
-386.364, -672.98, -889.094, 1449
-281.697, -733.41, -570.401, 1175
-392.412, -690.273, -887.827, 1449
-290.049, -749.372, -555.131, 1175
-400.024, -706.663, -886.541, 1449
-298.701, -765.162, -533.975, 1175
-405.946, -724.029, -886.734, 1449
-307.256, -781.007, -516.826, 1175
-412.367, -741.106, -885.534, 1449
-315.887, -796.809, -497.722, 1175
-418.113, -758.573, -884.818, 1449
-324.739, -812.483, -482.687, 1175
-424.98, -775.393, -883.706, 1449
-333.441, -828.243, -461.871, 1175
-430.877, -792.773, -883.102, 1449
-342.56, -843.763, -444.907, 1175
-437.025, -810.008, -882.551, 1449
-351.525, -859.372, -426.64, 1175
-443.152, -827.255, -881.277, 1449
-360.636, -874.896, -408.885, 1175
-448.532, -844.933, -880.977, 1449
-369.788, -890.397, -385.4, 1175
-455.346, -861.784, -879.962, 1449
-378.913, -905.913, -381.043, 1175
-460.205, -879.764, -879.225, 1449
-388.52, -921.151, -355.62, 1175
-465.008, -897.775, -877.958, 1449
-397.877, -936.533, -335.03, 1175
-470.45, -915.418, -877.634, 1449
-407.554, -951.731, -316.808, 1175
-475.524, -933.273, -876.022, 1449
-417.112, -966.997, -303.912, 1175
-480.376, -951.256, -876.589, 1449
-426.608, -982.299, -282.702, 1175
-485.111, -969.307, -874.831, 1449
-436.467, -997.392, -265.313, 1175
-489.149, -987.76, -873.522, 1449
-446.51, -1012.38, -247.141, 1175
-494.92, -1005.21, -873.754, 1449
-456.548, -1027.37, -227.354, 1175
-498.928, -1023.68, -872.876, 1449
-466.462, -1042.43, -212.257, 1175
-503.364, -1041.91, -872.73, 1449
-476.683, -1057.31, -190.935, 1175
-506.372, -1060.95, -870.915, 1449
-486.648, -1072.34, -175.148, 1175
-512.82, -1078.02, -869.779, 1449
-497.059, -1087.12, -157.084, 1175
-13.9387, -413, -1407.53, 1971
43.681, -413, -762.989, 1192
44.1824, -413, -1347.81, 1085
-7.56758, -425, -1420.06, 1971
45.5561, -425, -1357.81, 1085
46.481, -425, -766.8, 1192
-2.84229, -437, -1428.69, 1971
46.7306, -437, -1366.65, 1085
51.4267, -437, -770.687, 1192
3.87938, -449, -1439.12, 1971
48.5954, -449, -1375.19, 1085
53.6913, -449, -773.212, 1192
10.0902, -461, -1448.91, 1971
50.3173, -461, -1384.65, 1085
57.8218, -461, -776.221, 1192
17.6331, -473, -1460.35, 1971
51.3834, -473, -1393.14, 1085
61.6252, -473, -779.971, 1192
26.711, -485, -1472.51, 1971
52.8692, -485, -1401.12, 1085
65.9176, -485, -783.069, 1192
36.3158, -497, -1485.68, 1971
54.8696, -497, -1410.36, 1085
70.3276, -497, -786.748, 1192
46.0283, -509, -1497.1, 1971
56.3584, -509, -1417.2, 1085
75.2967, -509, -790.16, 1192
52.9375, -521, -1505.61, 1971
58.5366, -521, -1428.27, 1085
80.091, -521, -794.201, 1192
67.7421, -533, -1521.71, 1971
59.8568, -533, -1435.01, 1085
84.9994, -533, -797.886, 1192
61.5937, -545, -1444.34, 1085
78.9445, -545, -1533.78, 1971
89.0056, -545, -800.41, 1192
64.0433, -557, -1453.77, 1085
93.9119, -557, -1548.82, 1971
96.2495, -557, -804.638, 1192
65.4568, -569, -1460.88, 1085
100.71, -569, -807.404, 1192
110.404, -569, -1564.41, 1971
67.8924, -581, -1471.9, 1085
105.77, -581, -809.635, 1192
124.389, -581, -1578.48, 1971
69.9332, -593, -1480.94, 1085
112.443, -593, -813.866, 1192
145.626, -593, -1596.51, 1971
71.5445, -605, -1487.11, 1085
118.916, -605, -818.709, 1192
74.2528, -617, -1498.72, 1085
124.647, -617, -821.814, 1192
76.1828, -629, -1506.71, 1085
131.574, -629, -825.847, 1192
79.2196, -641, -1516.19, 1085
138.083, -641, -829.229, 1192
80.621, -653, -1523.72, 1085
146.097, -653, -833.498, 1192
83.379, -665, -1533.87, 1085
156.171, -665, -837.93, 1192
85.362, -677, -1541.18, 1085
160.21, -677, -841.034, 1192
87.5414, -689, -1548.65, 1085
171.758, -689, -846.368, 1192
90.3154, -701, -1558.57, 1085
171.563, -701, -847.368, 1192
-176.678, -713, -1427.08, 972
92.8671, -713, -1567.54, 1085
177.5, -713, -851.089, 1192
-174.275, -725, -1428.16, 972
95.246, -725, -1576.77, 1085
-170.709, -740, -1429.82, 972
99.309, -740, -1589.41, 1085
-165.119, -758, -1432.85, 972
101.968, -758, -1599.26, 1085
-159.301, -776, -1434.09, 972
107.397, -776, -1616.06, 1085
-155.175, -794, -1436.77, 972
110.969, -794, -1628.01, 1085
-147.839, -812, -1438.75, 972
114.229, -812, -1636.87, 1085
-139.342, -830, -1441.48, 972
-132.551, -848, -1444.33, 972
-124.22, -866, -1445.99, 972
-115.386, -884, -1449.21, 972
-106.046, -902, -1451.45, 972
-96.8679, -920, -1454.4, 972
-84.7771, -938, -1456.47, 972
-74.317, -956, -1459.55, 972
-60.1725, -974, -1462.07, 972
-55.1431, -992, -1464.65, 972
-36.5348, -1010, -1467.57, 972
-21.2405, -1028, -1471.23, 972
-9.97044, -1046, -1473.13, 972
6.48294, -1064, -1476.61, 972
24.1139, -1082, -1479.15, 972
46.642, -1100, -1483.03, 972
61.8374, -1118, -1485.94, 972
77.5856, -1136, -1488.6, 972
88.9694, -1136, -1490.33, 972
105.215, -1154, -1493.21, 972
136.11, -1172, -1497.1, 972
160.274, -1190, -1500.07, 972
257.921, -327.981, -1062.8, 1961
264.372, -338.112, -1062.86, 1961
270.906, -348.197, -1062.56, 1961
277.452, -358.273, -1062.19, 1961
283.955, -368.375, -1062.31, 1961
290.401, -378.51, -1061.8, 1961
296.821, -388.66, -1061.37, 1961
303.248, -398.806, -1061.54, 1961
309.391, -409.115, -1060.82, 1961
316.075, -419.113, -1060.71, 1961
322.228, -429.417, -1060.27, 1961
328.38, -439.722, -1060.26, 1961
334.514, -450.036, -1060.14, 1961
340.712, -460.314, -1059.61, 1961
346.775, -470.671, -1059.45, 1961
352.734, -481.086, -1059.25, 1961
358.747, -491.471, -1058.75, 1961
181.606, -607.6, -1629.33, 1971
364.644, -501.923, -1058.78, 1961
192.876, -614.949, -1636.35, 1971
370.632, -512.322, -1058.59, 1961
376.601, -522.732, -1058.47, 1961
382.334, -533.279, -1058, 1961
388.118, -543.796, -1057.63, 1961
394.152, -554.169, -1057.55, 1961
399.693, -564.826, -1056.91, 1961
405.395, -575.39, -1056.58, 1961
411.048, -585.983, -1056.32, 1961
416.609, -596.628, -1055.9, 1961
207.62, -734.609, -860.798, 1192
423.435, -610.008, -1055.7, 1961
214.71, -751.3, -866.518, 1192
431.724, -626.007, -1055.19, 1961
225.878, -765.637, -870.873, 1192
440.011, -642.007, -1055.08, 1961
237.567, -779.673, -875.799, 1192
448.342, -657.982, -1054.02, 1961
249.578, -793.523, -881.208, 1192
456.319, -674.161, -1053.68, 1961
262.469, -806.865, -887.036, 1192
463.385, -690.866, -1053.38, 1961
275.581, -820.079, -892.624, 1192
472.023, -706.663, -1053.19, 1961
288.283, -833.53, -896.74, 1192
479.847, -722.931, -1052.21, 1961
302.093, -846.342, -902.02, 1192
487.52, -739.285, -1052.16, 1961
315.935, -859.135, -907.627, 1192
495.07, -755.711, -1051.37, 1961
330.76, -871.36, -913.179, 1192
502.813, -772.025, -1051.08, 1961
344.055, -884.469, -917.618, 1192
509.628, -788.875, -1050.4, 1961
359.505, -896.333, -923.2, 1192
517.182, -805.299, -1050.24, 1961
374.323, -908.563, -928.227, 1192
524.395, -821.919, -1049.04, 1961
390.318, -920.113, -933.209, 1192
531.382, -838.67, -1049.54, 1961
406.599, -931.498, -938.715, 1192
538.783, -855.181, -1048.69, 1961
423.9, -942.293, -945.111, 1192
545.682, -871.982, -1048.36, 1961
439.659, -953.98, -949.816, 1192
552.481, -888.842, -1047.67, 1961
458.448, -963.916, -955.797, 1192
477.081, -973.943, -962.86, 1192
566.292, -922.437, -1046.73, 1961
494.283, -984.796, -967.783, 1192
572.208, -939.806, -1046.13, 1961
512.469, -995.081, -973.199, 1192
579.24, -956.531, -1045.77, 1961
533.549, -1003.69, -979.704, 1192
585.541, -973.678, -1045.48, 1961
821.312, -837.555, -1345.45, 972
551.536, -1014.09, -984.175, 1192
591.852, -990.818, -1044.99, 1961
818.629, -859.889, -1333.96, 972
570.939, -1023.68, -990.423, 1192
598.625, -1007.69, -1044.54, 1961
813.571, -883.593, -1316.76, 972
820.353, -879.678, -1325.08, 972
592.369, -1032.09, -997.806, 1192
604.928, -1024.84, -1044.21, 1961
811.068, -905.823, -1299.69, 972
369.551, -185.918, -1067.17, 2869
382.351, -187.749, -1078.52, 2869
395.537, -188.911, -1091.71, 2869
408.438, -190.564, -1104.21, 2869
422.264, -190.617, -1119.06, 2869
435.493, -191.705, -1130.83, 2869
448.771, -192.706, -1143.67, 2869
434.93, -240.68, -1129.51, 2869
462.709, -192.564, -1158.59, 2869
476.409, -192.836, -1172.13, 2869
490.418, -192.571, -1185.21, 2869
505.422, -190.584, -1202.03, 2869
518.293, -192.29, -1210.28, 2869
533.486, -189.975, -1227.95, 2869
527.768, -223.878, -1232.79, 2869
548.024, -188.795, -1242.01, 2869
563.038, -186.79, -1255.65, 2869
577.343, -186.013, -1269.34, 2869
592.419, -183.901, -1284.25, 2869
608.26, -180.462, -1301.22, 2869
623.28, -178.448, -1313.18, 2869
1111.97, -310.018, -1478.16, 3412
838.381, -819.882, -1367.06, 972
1130.04, -314.706, -1481.1, 3412
856.76, -824.048, -1372.26, 972
867.31, -805.776, -1388.96, 972
1146.72, -321.824, -1483.05, 3412
890.105, -802.293, -1402.65, 972
1162.58, -330.354, -1485.14, 3412
913.474, -797.817, -1418.61, 972
1178.15, -339.378, -1487.82, 3412
