# format: x, y, z, (trackId)+
413, -34.2825, 1116.04, 6400
413, 32.0785, 1262.72, 6424
425, -32.8207, 1121.39, 6400
425, 31.774, 1287.55, 6424
437, -31.1682, 1128.56, 6400
437, 31.8815, 1293.25, 6424
449, -30.1889, 1133.25, 6400
449, 31.6079, 1315.51, 6424
461, -28.8821, 1140.17, 6400
461, 30.8954, 1336.71, 6424
461, 112.5, 1619.12, 6009
473, -27.2005, 1146.63, 6400
473, 30.8718, 1351.2, 6424
473, 110.035, 1608.18, 6009
485, -25.6056, 1151.63, 6400
485, 30.3754, 1369.5, 6424
485, 104.287, 1597.17, 6009
497, -24.6074, 1158.17, 6400
497, 29.7537, 1387.55, 6424
497, 96.8112, 1584.87, 6009
509, -22.6791, 1164.24, 6400
509, 29.2238, 1406.2, 6424
509, 87.6311, 1568.73, 6009
521, -20.8082, 1170.06, 6400
521, 28.6486, 1425.6, 6424
521, 80.8626, 1557.2, 6009
533, -19.2218, 1176.31, 6400
533, 27.5141, 1443.7, 6424
533, 71.9666, 1542.26, 6009
545, -16.825, 1183.33, 6400
545, 26.6915, 1457.78, 6424
545, 63.3102, 1527.66, 6009
557, -14.9398, 1189.32, 6400
557, 36.2795, 1483.67, 6009
557, 54.3894, 1513.56, 6009
569, -13.5343, 1194.67, 6400
569, 24.9995, 1491.51, 6009
569, 45.1969, 1498.94, 6009
581, -11.0396, 1200.91, 6400
581, 23.8598, 1510.35, 6424
581, 36.4722, 1485.77, 6009
593, -9.39104, 1206.06, 6400
593, 22.1986, 1529.8, 6424
593, 24.9414, 1468.2, 6009
605, -6.54873, 1213.46, 6400
605, 17.2172, 1456.58, 6009
605, 20.9653, 1546.33, 6424
617, -5.04382, 1217.94, 6400
617, 4.66813, 1438.26, 6009
617, 19.9669, 1568.35, 6424
629, -4.32649, 1424.9, 6009
629, -2.38349, 1223.83, 6400
629, 19.1078, 1572.8, 6424
641, -15.4505, 1408.95, 6009
641, 0.29871, 1231.2, 6400
641, 16.7335, 1600.37, 6424
653, -25.1027, 1395.1, 6009
653, 2.08933, 1237.27, 6400
653, 15.6133, 1616.34, 6424
665, -39.5386, 1376.35, 6009
665, 4.69769, 1243.24, 6400
665, 13.7487, 1632.21, 6424
677, -50.1153, 1361.75, 6009
677, 7.88492, 1249.59, 6400
689, -172.5, 1631.44, 1184
689, -63.5657, 1344.1, 6009
689, 10.2661, 1256.05, 6400
701, -170.407, 1626.8, 1184
701, -75.1464, 1328.58, 6009
701, 11.9727, 1258.76, 6400
713, -162.601, 1622.94, 1184
713, -90.4185, 1308.26, 6009
713, 15.4246, 1266.35, 6400
725, -154.206, 1614.68, 1184
725, -99.9625, 1295.54, 6009
725, 18.9991, 1271.95, 6400
740, -143.011, 1607.32, 1184
740, -121.585, 1270.53, 6400
740, 23.6101, 1282.22, 6400
758, -147.708, 1239.33, 6009
758, -132.757, 1597.57, 1184
758, 27.4395, 1290.05, 6400
776, -168.619, 1208.47, 6009
776, -158.009, 1223.37, 6009
776, -122.477, 1587.8, 1184
776, 31.251, 1297.8, 6400
794, -184.558, 1189.57, 6009
794, -113.444, 1578, 1184
794, 37.4777, 1309.55, 6400
812, -205, 1168.28, 6009
812, -106.923, 1570.61, 1184
812, 42.4607, 1317.69, 6400
830, -104.553, 1565.42, 1184
830, 47.7829, 1327.52, 6400
848, 53.0936, 1336.58, 6400
866, 58.518, 1344.31, 6400
884, 64.2698, 1353.37, 6400
902, 72.9166, 1367.76, 6400
902, 227.5, 317.362, 5956
920, 75.5162, 1371.65, 6400
920, 232.445, 300.959, 5956
938, 84.6891, 1384.22, 6400
938, 237.236, 289.705, 5956
956, 90.2601, 1392.85, 6400
956, 238.447, 275.524, 5956
974, 98.4637, 1403.72, 6400
974, 239.115, 263.424, 5956
992, 103.842, 1410.61, 6400
992, 239.439, 251.365, 5956
1010, 112.149, 1422.59, 6400
1010, 239.879, 238.203, 5956
1028, 118.048, 1430.29, 6400
1028, 240.44, 225.003, 5956
1046, 127.294, 1441.5, 6400
1046, 240.322, 213.603, 5956
1064, 134.173, 1450.33, 6400
1064, 240.717, 201.432, 5956
1082, 143.382, 1461.02, 6400
1082, 240.463, 187.546, 5956
1100, 148.323, 1467.36, 6400
1100, 239.993, 174.848, 5956
1118, 158.039, 1478.39, 6400
1118, 239.697, 162.803, 5956
1136, 167.826, 1490.2, 6400
1136, 239.395, 150.196, 5956
1154, 174.558, 1497.76, 6400
1154, 238.523, 136.736, 5956
1172, 186.215, 1509.82, 6400
1172, 238.059, 128.151, 5956
1190, 194.737, 1519.05, 6400
1190, 236.773, 112.91, 5956
391.846, 147.302, 672.701, 5956
368.552, 187.649, 1344.92, 5642
345.485, 227.602, 1564.87, 6118
403.987, 150.274, 663.132, 5956
379.75, 192.254, 1347.3, 5642
364.785, 218.175, 1576.56, 6118
415.94, 153.571, 654.035, 5956
391.001, 196.767, 1349.75, 5642
376.34, 222.16, 1578.5, 6118
428.559, 155.714, 643.533, 5956
399.57, 205.924, 1594.04, 6118
402.116, 201.515, 1351.54, 5642
451.79, 139.477, 1634.73, 6118
447.917, 146.185, 1629.89, 6118
440.803, 158.506, 1624.28, 6118
429.701, 177.736, 1613.16, 6118
418.642, 196.89, 1601.3, 6118
439.284, 161.137, 640.616, 5956
413.729, 205.4, 1354.63, 5642
451.601, 163.804, 630.545, 5956
424.692, 210.411, 1356.1, 5642
463.91, 166.484, 620.481, 5956
436.119, 214.62, 1358.68, 5642
475.898, 169.72, 612.563, 5956
447.669, 218.615, 1361.27, 5642
487.997, 172.764, 603.705, 5956
458.991, 223.004, 1362.69, 5642
500.32, 175.42, 595.031, 5956
470.39, 227.261, 1366.12, 5642
512.456, 178.4, 586.082, 5956
481.803, 231.493, 1367.69, 5642
525.173, 180.374, 574.882, 5956
493.485, 235.258, 1370.22, 5642
537.179, 183.579, 568.377, 5956
504.854, 239.567, 1372.56, 5642
548.696, 187.631, 562.795, 5956
516.403, 243.563, 1374.31, 5642
561.519, 189.42, 552.193, 5956
528.092, 247.317, 1377.56, 5642
573.84, 192.081, 543.324, 5956
539.609, 251.369, 1379.27, 5642
586.573, 194.026, 534.09, 5956
551.392, 254.961, 1382.17, 5642
599.299, 195.984, 523.493, 5956
562.79, 259.219, 1383.99, 5642
610.026, 201.404, 520.967, 5956
574.727, 262.544, 1386.65, 5642
623.801, 201.546, 507.928, 5956
586.314, 266.474, 1389.04, 5642
636.514, 203.525, 498.044, 5956
598.084, 270.088, 1391.06, 5642
649.05, 205.813, 489.769, 5956
609.801, 273.794, 1393.53, 5642
661.431, 208.367, 482.349, 5956
621.687, 277.207, 1395.77, 5642
674.399, 209.907, 472.342, 5956
633.561, 280.64, 1398.34, 5642
686.745, 212.523, 464.866, 5956
645.592, 283.802, 1400.43, 5642
700.442, 212.799, 451.775, 5956
657.157, 287.77, 1402.28, 5642
712.045, 216.701, 447.319, 5956
669.343, 290.663, 1405.37, 5642
727.882, 219.272, 436.586, 5956
684.223, 294.891, 1407.8, 5642
747.596, 221.126, 421.397, 5956
702.177, 299.793, 1411.62, 5642
766.799, 223.865, 408.76, 5956
719.879, 305.133, 1415.12, 5642
786.688, 225.416, 394.745, 5956
738.386, 309.078, 1418.65, 5642
804.101, 231.256, 383.689, 5956
756.752, 313.267, 1422.2, 5642
822.551, 235.3, 370.863, 5956
774.743, 318.106, 1425.14, 5642
840.64, 239.97, 361.531, 5956
793.602, 321.442, 1429.18, 5642
812.048, 325.491, 1433.07, 5642
830.793, 329.024, 1436.97, 5642
849.913, 331.907, 1440.41, 5642
866.766, 338.717, 1441.86, 5642
887.128, 339.449, 1448.48, 5642
905.104, 344.314, 1450.18, 5642
924.111, 347.393, 1454.3, 5642
943.326, 350.112, 1457.88, 5642
962.478, 352.94, 1461.38, 5642
981.835, 355.411, 1465.69, 5642
1000.68, 358.766, 1468.66, 5642
1020.19, 360.976, 1472.51, 5642
1038.98, 364.438, 1476.13, 5642
1060.03, 363.981, 1481.07, 5642
1078.08, 368.707, 1483.69, 5642
1097.59, 370.926, 1486.96, 5642
1118.13, 371.348, 1491.6, 5642
1137.63, 373.575, 1494.61, 5642
1157.11, 375.832, 1498.94, 5642
246.571, 334.533, 1187.02, 5743
215.548, 352.445, 1441.73, 7175
231.086, 357.33, 1194.98, 5743
223.957, 361.446, 1198.74, 5743
220.694, 363.33, 1453.15, 7175
207.871, 384.59, 1206.7, 5743
195.482, 391.743, 1212.01, 5743
181.785, 399.651, 1216.95, 5743
225.58, 374.366, 1464.84, 7175
230.608, 385.319, 1473.65, 7175
189.02, 409.33, 1220.42, 5743
153.956, 429.574, 1229.78, 5743
138.867, 438.285, 1234.69, 5743
235.532, 396.333, 1485.63, 7175
240.457, 407.345, 1494.86, 7175
245.319, 418.395, 1509.6, 7175
249.583, 429.789, 1520.98, 7175
254.784, 440.643, 1528.8, 7175
259.251, 451.92, 1540.03, 7175
264.279, 462.874, 1551.46, 7175
269.213, 473.881, 1562.38, 7175
273.141, 485.47, 1575.02, 7175
276.606, 497.326, 1588.94, 7175
282.112, 508.004, 1592.23, 7175
286.498, 519.328, 1607.08, 7175
290.845, 530.674, 1617.83, 7175
295.572, 541.801, 1627.84, 7175
300.012, 553.094, 1636.84, 7175
45.4692, 413, 1086.98, 5802
46.0523, 425, 1079.38, 5802
46.7253, 437, 1070.78, 5802
110, 449, 1246.48, 5743
47.643, 449, 1062.74, 5802
96.401, 461, 1248.12, 5743
81.3725, 461, 1252.08, 5743
48.337, 461, 1055.55, 5802
74.8754, 473, 1253.9, 5743
59.9846, 473, 1258.02, 5743
34.9979, 473, 1263.83, 5743
49.0933, 473, 1046.72, 5802
29.9011, 485, 1264.87, 5743
12.5715, 485, 1271, 5743
-8.70914, 485, 1276.45, 5743
-54.2503, 485, 1286.81, 5743
-76.7535, 485, 1290.15, 5743
-93.3342, 485, 1295.01, 5743
-114.001, 485, 1299.2, 5743
49.8687, 485, 1039.1, 5802
50.609, 497, 1030.02, 5802
-17.7813, 497, 1274.62, 5743
-29.6429, 497, 1279.6, 5743
-54.2971, 497, 1285.49, 5743
-74.5923, 497, 1290.19, 5743
-91.5295, 497, 1294.55, 5743
-111.591, 497, 1299.31, 5743
51.5593, 509, 1022.59, 5802
52.4801, 521, 1014.72, 5802
53.5422, 533, 1006.42, 5802
54.4966, 545, 999.194, 5802
55.5573, 557, 989.609, 5802
56.4003, 569, 983.363, 5802
57.557, 581, 974.829, 5802
59.0648, 593, 965.368, 5802
60.0956, 605, 957.689, 5802
61.211, 617, 949.832, 5802
62.414, 629, 942.295, 5802
64.124, 641, 933.112, 5802
65.0958, 653, 927.037, 5802
66.6842, 665, 917.037, 5802
70.0373, 689, 898.638, 5802
72.9489, 713, 884.767, 5802
74.5439, 725, 876.956, 5802
76.039, 740, 869.388, 5802
78.8027, 758, 855.359, 5802
81.3274, 776, 843.074, 5802
84.3715, 794, 830.219, 5802
87.1322, 812, 817.955, 5802
89.9118, 830, 806.486, 5802
93.398, 848, 792.897, 5802
95.6154, 866, 783.627, 5802
99.1593, 884, 769.809, 5802
102.772, 902, 756.292, 5802
105.94, 920, 744.357, 5802
109.512, 938, 731.724, 5802
113.177, 956, 719.265, 5802
116.606, 974, 706.88, 5802
120.17, 992, 694.973, 5802
123.586, 1010, 684.307, 5802
128.193, 1028, 669.908, 5802
131.694, 1046, 658.785, 5802
135.486, 1064, 646.754, 5802
139.943, 1082, 633.446, 5802
143.83, 1100, 621.321, 5802
148.473, 1118, 608.342, 5802
152.802, 1136, 595.912, 5802
157.212, 1154, 583.607, 5802
162.242, 1172, 570.117, 5802
166.511, 1190, 558.285, 5802
-138.577, 480.022, 1308.75, 5743
-254.122, 413.312, 1339.69, 5743
-261.641, 408.971, 1342.59, 5743
-168.052, 476.861, 1311.86, 5743
-175.059, 472.816, 1315.25, 5743
-186.586, 466.16, 1318.59, 5743
-200.03, 458.399, 1322.94, 5743
-221.071, 446.251, 1328.58, 5743
-235.536, 437.9, 1332.74, 5743
-254.983, 426.672, 1338.17, 5743
-821.312, 837.555, 392.677, 643
-834.587, 850.676, 411.296, 643
-847.505, 864.002, 437.449, 643
-858.87, 878.225, 458.872, 643
-382.695, 163.153, 875.396, 4141
-387.389, 155.023, 1497.98, 6210
-393.21, 168.939, 855.996, 4141
-397.982, 160.675, 1508.41, 6210
-403.634, 174.885, 833.435, 4141
-408.424, 166.589, 1513.5, 6210
-414.052, 180.841, 814.214, 4141
-418.624, 172.922, 1521.76, 6210
-424.483, 186.774, 795.759, 4141
-428.784, 179.324, 1528.7, 6210
-434.723, 193.038, 772.979, 4141
-438.813, 185.953, 1537.44, 6210
-444.877, 199.451, 753.981, 4141
-448.477, 193.215, 1545.03, 6210
-455.04, 205.848, 730.403, 4141
-458.067, 200.605, 1552.83, 6210
-465.147, 212.341, 710.972, 4141
-468.184, 207.081, 1558.15, 6210
-475.119, 219.069, 696.213, 4141
-477.358, 215.191, 1565.87, 6210
-484.922, 226.09, 671.835, 4141
-486.467, 223.415, 1574.55, 6210
-494.842, 232.908, 653.238, 4141
-495.484, 231.797, 1581.84, 6210
-504.657, 239.908, 633.675, 4141
-501.126, 246.024, 617.564, 4141
-504.406, 240.343, 1590.1, 6210
-513.325, 248.894, 1597.48, 6210
-514.239, 247.311, 612.987, 4141
-521.658, 258.461, 1606.66, 6210
-523.863, 254.642, 591.86, 4141
-530.374, 267.366, 1613.26, 6210
-533.294, 262.308, 572.566, 4141
-587.303, 168.761, 1516.53, 6401
-538.717, 276.915, 1621.32, 6210
-542.808, 269.829, 552.884, 4141
-597.695, 174.761, 1526.82, 6401
-546.671, 287.137, 1629.72, 6210
-552.28, 277.423, 533.618, 4141
-607.712, 181.412, 1536.12, 6401
-555.207, 296.354, 1635.08, 6210
-561.393, 285.638, 508.889, 4141
-616.556, 190.094, 1548.03, 6401
-571.098, 292.829, 497.655, 4141
-625.074, 199.34, 1560.54, 6401
-580.114, 301.214, 472.684, 4141
-633.359, 208.991, 1572.13, 6401
-589.272, 309.351, 453.158, 4141
-641.849, 218.286, 1584, 6401
-598.274, 317.76, 432.017, 4141
-649.886, 228.365, 1597.33, 6401
-607.27, 326.178, 411.69, 4141
-658.505, 237.436, 1606.57, 6401
-616.504, 334.183, 395.151, 4141
-666.215, 248.081, 1620.96, 6401
-625.099, 343.297, 372.27, 4141
-674.231, 258.198, 1632.14, 6401
-634.075, 351.751, 355.274, 4141
-684.118, 265.072, 1636.86, 6401
-644.303, 364.034, 324.325, 4141
-657.41, 377.333, 296.663, 4141
-670.166, 391.239, 268.269, 4141
-682.477, 405.915, 237.454, 4141
-691.759, 425.838, 193.431, 4141
-695.496, 419.366, 212.68, 4141
-706.981, 435.473, 179.241, 4141
-636.982, 592.715, 12.3119, 643
-718.266, 451.928, 140.67, 4141
-650.215, 605.794, 30.094, 643
-730.237, 467.192, 114.004, 4141
-661.785, 621.754, 52.6492, 4141
-740.979, 484.587, 76.5203, 4141
-674.408, 635.891, 81.0507, 643
-753.447, 498.992, 54.0809, 4141
-687.746, 648.788, 96.8733, 643
-763.729, 517.183, 15.9353, 4141
-699.274, 664.823, 126.611, 643
-777.25, 529.763, 3.64333, 4141
-711.167, 680.222, 152.259, 643
-723.723, 694.475, 173.705, 643
-735.838, 709.491, 196.824, 643
-747.606, 725.108, 221.936, 643
-759.748, 740.078, 244.908, 643
-772.13, 754.632, 268.123, 643
-783.951, 770.157, 291.95, 643
-798.368, 781.187, 310.594, 643
-811.378, 794.652, 333.867, 643
-413, 66.2844, 774.438, 6456
-413, 41.2483, 1307.83, 6401
-413, 14.9259, 1113.21, 4613
-413, 16.2533, 942.094, 6456
-413, -5.07268, 943.367, 6456
-413, -22.9945, 944.533, 6456
-413, -44.8023, 946.397, 6456
-413, -73.3217, 949.051, 6456
-413, -95, 949.721, 6456
-425, 45.9948, 777.084, 6456
-425, 49.9808, 1326.75, 6401
-425, 17.915, 1117.7, 4613
-425, -40.1797, 945.784, 6456
-425, -71.699, 948.962, 6456
-425, -87.3209, 949.543, 6456
-437, 50.6049, 1329.59, 6401
-437, 32.9876, 779.508, 6456
-437, 18.2751, 782.58, 6456
-437, 20.4948, 1121.57, 4613
-449, 60.2655, 1347.13, 6401
-449, 23.1735, 1125.64, 4613
-449, -2.05295, 785.996, 6456
-449, -24.0507, 789.826, 6456
-449, -60.1013, 795.412, 6456
-449, -79.8653, 798.054, 6456
-449, -93.408, 799.778, 6456
-449, -105.933, 802.039, 6456
-461, 67.1252, 1360.45, 6401
-461, 25.5679, 1130.46, 4613
-461, -20.2195, 789.083, 6456
-461, -39.6669, 791.235, 6456
-461, -60.5386, 795.097, 6456
-461, -77.9896, 798.396, 6456
-461, -87.5533, 799.689, 6456
-473, 73.7988, 1372.29, 6401
-473, 29.3775, 1135.79, 4613
-485, 81.5765, 1386.85, 6401
-485, 30.9586, 1137.8, 4613
-497, 90.9082, 1401.91, 6401
-497, 34.3411, 1142.54, 4613
-509, 96.9995, 1412.83, 6401
-509, 37.4392, 1146.7, 4613
-521, 105.961, 1428.42, 6401
-521, 40.0378, 1150.69, 4613
-533, 116.465, 1443.79, 6401
-533, 43.8887, 1155.48, 4613
-545, 122.872, 1454.49, 6401
-545, 46.6386, 1159.36, 4613
-557, 133.914, 1470.71, 6401
-557, 49.3, 1163, 4613
-569, 137.5, 1479.22, 6401
-569, 53.3882, 1167.95, 4613
-581, 55.9383, 1171.46, 4613
-593, 59.4897, 1175.97, 4613
-605, 62.4898, 1179.89, 4613
-617, 66.2042, 1184.71, 4613
-629, 70.0283, 1188.56, 4613
-641, 73.2205, 1193.2, 4613
-653, 76.9806, 1197.22, 4613
-665, 80.7155, 1201.64, 4613
-677, 85.1944, 1206.77, 4613
-689, 87.0372, 1208.79, 4613
-701, 91.9378, 1214.5, 4613
-713, 94.9693, 1218.38, 4613
-725, 99.461, 1223.66, 4613
-740, 104.962, 1228.98, 4613
-758, 109.895, 1234.68, 4613
-776, 116.608, 1241.95, 4613
-794, 121.405, 1247.19, 4613
-812, 129.89, 1256.08, 4613
-830, 135.465, 1261.71, 4613
-848, 142.573, 1268.42, 4613
-866, 150.425, 1276.37, 4613
-884, 154.361, 1280.58, 4613
-902, 164, 1289.02, 4613
-920, 171.391, 1295.86, 4613
-938, 178.384, 1302.14, 4613
-956, 183.954, 1308.03, 4613
-974, 193.548, 1315.68, 4613
-992, 201.164, 1322.42, 4613
-1010, 209.142, 1329, 4613
-1028, 219.991, 1337.61, 4613
-1046, 223.619, 1341.91, 4613
-1064, 234.84, 1350.25, 4613
-1082, 242.734, 1357.43, 4613
-1100, 251.507, 1364.09, 4613
-1118, 259.921, 1371.07, 4613
-1136, 270.393, 1378.57, 4613
-1154, 279.963, 1385.88, 4613
-1172, 288.355, 1392.34, 4613
-1190, 297.81, 1399.53, 4613
-403.297, -127.47, 952.858, 6456
-393.496, -144.445, 954.472, 6456
-387.778, -154.349, 955.084, 6456
-379.732, -168.284, 956.75, 6456
-371.834, -181.965, 958.461, 6456
-386.523, -156.523, 1175.1, 5559
-355.364, -210.492, 897.504, 3621
-336.857, -242.547, 1493.54, 6638
-332.537, -250.03, 1389.3, 4308
-324.992, -263.097, 832.31, 6456
-318.043, -275.134, 311.94, 4455
-311.32, -286.779, 1465.65, 4612
-413.697, -133.455, 952.548, 6456
-403.921, -150.389, 954.335, 6456
-398.848, -159.175, 955.421, 6456
-397.727, -161.117, 1169.2, 5559
-367.71, -213.108, 872.026, 3621
-346.769, -249.378, 1493.44, 6638
-342.207, -257.28, 829.527, 6456
-342.221, -257.255, 1386.49, 4308
-326.644, -284.236, 324.28, 4455
-320.418, -295.02, 1477.62, 4612
-408.579, -166.321, 1164.8, 5559
-378.933, -217.669, 861.277, 3621
-368.384, -235.939, 824.817, 6456
-356.507, -256.511, 1493.44, 6638
-351.382, -265.389, 1385.5, 4308
-334.297, -294.98, 339.97, 4455
-328.793, -304.514, 1497.01, 4612
-442.595, -131.402, 806.854, 6456
-431.993, -149.767, 809.882, 6456
-426.116, -159.946, 812.102, 6456
-419.273, -171.797, 813.429, 6456
-409.152, -189.328, 816.136, 6456
-391.35, -220.162, 821.527, 6456
-382.763, -235.034, 823.727, 6456
-419.872, -170.76, 1159.38, 5559
-390.601, -221.459, 843.529, 3621
-366.562, -263.096, 1492.91, 6638
-360.926, -272.857, 1384.27, 4308
-341.47, -306.557, 353.846, 4455
-338.029, -312.517, 1508.72, 4612
-451.937, -139.222, 805.104, 6456
-437.342, -164.502, 811.174, 6456
-428.411, -179.97, 813.328, 6456
-420.106, -194.355, 816.161, 6456
-402.881, -224.189, 823.682, 3621
-431.37, -174.845, 1153.75, 5559
-376.573, -269.757, 1493.28, 6638
-370.154, -280.874, 1383.48, 4308
-348.601, -318.205, 365.126, 4455
-346.494, -321.854, 1526.16, 4612
-442.15, -180.174, 1149.27, 5559
-414.463, -228.13, 806.746, 3621
-386.712, -276.195, 1493.04, 6638
-379.235, -289.146, 1381.56, 4308
-354.452, -332.07, 380.49, 4455
-355.152, -330.859, 1541.93, 4612
-453.38, -184.724, 1144.15, 5559
-425.612, -232.818, 797.648, 3621
-396.85, -282.635, 1493.08, 6638
-388.646, -296.845, 1379.11, 4308
-364.046, -339.454, 1554.21, 4612
-361.679, -343.553, 392.446, 4455
-464.72, -189.081, 1138.88, 5559
-437.675, -235.925, 775.195, 3621
-406.879, -289.265, 1492.47, 6638
-397.485, -305.536, 1377.5, 4308
-372.337, -349.094, 1571.78, 4612
-475.883, -193.746, 1133.75, 5559
-449.605, -239.261, 760.623, 3621
-416.902, -295.905, 1492.68, 6638
-406.979, -313.093, 1376.32, 4308
-383.841, -353.168, 12.5021, 2413
-381.136, -357.853, 1584.85, 4612
-487.249, -198.06, 1128.39, 5559
-461.406, -242.822, 744.401, 3621
-427.126, -302.195, 1492.71, 6638
-416.247, -321.039, 1374.05, 4308
-394.277, -359.091, 19.4589, 2413
-389.38, -367.574, 1601.13, 4612
-498.599, -202.401, 1123.04, 5559
-473.046, -246.659, 729.851, 3621
-437.165, -308.808, 1491.86, 6638
-425.053, -329.787, 1372.65, 4308
-405.172, -364.221, 35.6915, 2413
-398.071, -376.52, 1619.25, 4612
-509.849, -206.915, 1118.11, 5559
-485.424, -249.222, 709.054, 3621
-447.546, -314.828, 1491.76, 6638
-434.296, -337.778, 1371.07, 4308
-415.86, -369.709, 49.9098, 2413
-406.64, -385.679, 1629.78, 4612
-521.31, -211.065, 1112.87, 5559
-497.019, -253.139, 696.34, 3621
-457.73, -321.189, 1491.64, 6638
-443.071, -346.579, 1369.14, 4308
-426.979, -374.45, 70.5759, 2413
-416.126, -393.248, 1636.94, 4612
-532.659, -215.407, 1107.84, 5559
-508.936, -256.498, 676.535, 3621
-468.124, -327.186, 1491.13, 6638
-452.191, -354.782, 1367.35, 4308
-438.288, -378.863, 92.9492, 2413
-544.121, -219.555, 1101.96, 5559
-520.816, -259.919, 660.119, 3621
-478.474, -333.258, 1491.26, 6638
-461.195, -363.187, 1365.84, 4308
-448.853, -384.564, 95.1374, 2413
-555.548, -223.763, 1097.72, 5559
-532.908, -262.977, 643.676, 3621
-488.824, -339.332, 1490.45, 6638
-469.723, -372.416, 1363.89, 4308
-460.774, -387.916, 123.754, 2413
-567.003, -227.922, 1092.09, 5559
-544.941, -266.134, 625.711, 3621
-499.178, -345.399, 1490.26, 6638
-479.06, -380.243, 1362.23, 4308
-471.98, -392.507, 137.925, 2413
-578.618, -231.805, 1087.12, 5559
-556.82, -269.56, 611.825, 3621
-509.356, -351.769, 1491.4, 6638
-487.624, -389.411, 1361.16, 4308
-483.342, -396.826, 153.759, 2413
-590.047, -236.009, 1082.08, 5559
-569.048, -272.38, 592.01, 3621
-519.898, -357.51, 1490.18, 6638
-496.578, -397.901, 1358.54, 4308
-494.921, -400.771, 174.015, 2413
-601.697, -239.831, 1077, 5559
-580.647, -276.289, 582.368, 3621
-530.499, -363.149, 1490, 6638
-506.485, -404.742, 188.536, 2413
-505.084, -407.169, 1356.64, 4308
-613.334, -243.675, 1071.51, 5559
-592.895, -279.076, 562.797, 3621
-540.96, -369.029, 1489.38, 6638
-521.765, -402.277, 218.306, 2413
-521.765, -402.277, 199.237, 2413
-518.315, -408.253, 208.87, 2413
-513.498, -416.595, 1355.4, 4308
-624.899, -247.643, 1066.82, 5559
-605.194, -281.773, 544.073, 3621
-551.363, -375.011, 1489.39, 6638
-530.18, -411.702, 224.956, 2413
-522.495, -425.012, 1355.01, 4308
-636.502, -251.546, 1060.53, 5559
-617.195, -284.988, 527.88, 3621
-561.955, -380.666, 1489.29, 6638
-542.086, -415.08, 241.592, 2413
-531.305, -433.753, 1352.21, 4308
-648.106, -255.447, 1057.01, 5559
-629.723, -287.288, 507.025, 3621
-572.511, -386.381, 1489.16, 6638
-554.271, -417.974, 262.714, 2413
-539.029, -444.374, 1350.22, 4308
-660.221, -258.464, 1049.72, 5559
-641.462, -290.955, 495.21, 3621
-583.16, -391.937, 1489.02, 6638
-566.228, -421.265, 277.024, 2413
-570.834, -413.287, 274.554, 2413
-548.16, -452.559, 1348.49, 4308
-672.101, -261.888, 1045.55, 5559
-653.373, -294.325, 479.214, 3621
-593.878, -397.373, 1488.9, 6638
-578.179, -424.565, 292.858, 2413
-556.36, -462.356, 1346.77, 4308
-683.224, -266.621, 1041.78, 5559
-665.969, -296.508, 458.964, 3621
-604.624, -402.761, 1488.67, 6638
-590.919, -426.499, 318.088, 2413
-565.244, -470.968, 1345.25, 4308
-698.282, -270.541, 1034.85, 5559
-680.991, -300.489, 441.262, 3621
-617.98, -409.627, 1488.67, 6638
-606.273, -429.904, 336.803, 2413
-575.458, -483.278, 1343.47, 4308
-716.142, -275.606, 1026.35, 5559
-699.563, -304.321, 413.421, 3621
-634.144, -417.631, 1488.5, 6638
-625.9, -431.909, 370.935, 2413
-588.195, -497.217, 1340.1, 4308
-734.141, -280.43, 1018.46, 5559
-717.884, -308.588, 392.267, 3621
-650.278, -425.685, 1488.52, 6638
-643.841, -436.835, 388.286, 2413
-599.665, -513.35, 1337.36, 4308
-751.893, -285.682, 1010.77, 5559
-736.526, -312.299, 362.856, 3621
-666.633, -433.359, 1488.33, 6638
-663.293, -439.143, 414.846, 2413
-612.05, -527.898, 1334.55, 4308
-770.363, -289.692, 1001.99, 5559
-754.697, -316.826, 341.115, 3621
-683.152, -440.745, 446.654, 2413
-683.033, -440.953, 1488.31, 6638
-625.364, -540.838, 1332.96, 4308
-787.704, -295.656, 995.681, 5559
-773.983, -319.422, 311.027, 3621
-703.321, -441.813, 476.343, 2413
-699.213, -448.928, 1488.3, 6638
-637.218, -556.307, 1330.28, 4308
-806.106, -299.784, 987.171, 5559
-791.947, -324.308, 290.965, 3621
-722.077, -445.325, 496.197, 2413
-715.854, -456.104, 1488.12, 6638
-648.817, -572.215, 1327.21, 4308
-824.344, -304.194, 979.254, 5559
-811.033, -327.249, 260.445, 3621
-743.929, -443.476, 534.336, 2413
-732.323, -463.58, 1488.1, 6638
-660.767, -587.518, 1324.2, 4308
-842.74, -308.332, 970.962, 5559
-830.221, -330.014, 231.841, 3621
-763.946, -444.807, 559.717, 2413
-748.824, -470.999, 1487.83, 6638
-672.64, -602.953, 1322.16, 4308
-860.875, -312.92, 963.57, 5559
-848.433, -334.472, 210.849, 3621
-785.199, -443.996, 590.708, 2413
-765.514, -478.09, 1487.64, 6638
-683.006, -620.999, 1318.02, 4308
-879.083, -317.384, 955.906, 5559
-867.675, -337.143, 185.408, 3621
-807.258, -441.787, 626.726, 2413
-782.175, -485.233, 1487.64, 6638
-697.045, -632.682, 1317.51, 4308
-897.661, -321.206, 947.645, 5559
-887.085, -339.524, 153.654, 3621
-828.384, -441.196, 652.546, 2413
-799.064, -491.981, 1487.53, 6638
-707.238, -651.028, 1313.25, 4308
-916.423, -324.708, 938.962, 5559
-905.003, -344.49, 136.999, 3621
-849.364, -440.858, 677.158, 2413
-815.739, -499.099, 1487.44, 6638
-718.873, -666.876, 1311.49, 4308
-934.501, -329.397, 932.188, 5559
-924.195, -347.246, 108.196, 3621
-872.193, -437.318, 712.292, 2413
-832.783, -505.578, 1487.36, 6638
-729.783, -683.979, 1308.59, 4308
-953.691, -332.159, 923.838, 5559
-943.034, -350.617, 84.9073, 3621
-893.431, -436.532, 740.953, 2413
-849.784, -512.132, 1487.17, 6638
-740.6, -701.244, 1305.47, 4308
-971.903, -336.615, 916.354, 5559
-962.563, -352.793, 52.786, 3621
-918.53, -429.06, 778.572, 2413
-866.688, -518.852, 1486.78, 6638
-752.501, -716.63, 1302.36, 4308
-990.502, -340.401, 908.638, 5559
-981.53, -355.94, 30.8689, 3621
-941.989, -424.427, 812.572, 2413
-932.782, -440.374, 527.29, 6369
-883.575, -525.603, 1486.21, 6638
-763.322, -733.888, 1300.13, 4308
-1009.52, -343.465, 900.28, 5559
-1000.14, -359.708, 7.75977, 3621
-965.089, -420.416, 843.057, 2413
-946.705, -452.259, 525.733, 6369
-900.838, -531.703, 1486.15, 6638
-773.648, -752.003, 1296.93, 4308
-1027.38, -348.531, 891.699, 2413
-990.715, -412.031, 882.627, 2413
-960.923, -463.633, 525.011, 6369
-918.088, -537.824, 1485.6, 6638
-785.668, -767.183, 1295.27, 4308
-1048.06, -348.699, 883.621, 5559
-1017.79, -401.134, 923.665, 2413
-974.551, -476.029, 523.211, 6369
-935.582, -543.525, 1485.2, 6638
-798.289, -781.322, 1293.64, 4308
-1066.74, -352.357, 876.589, 5559
-1040.89, -397.134, 953.49, 2413
-988.847, -487.267, 522.343, 6369
-952.783, -549.731, 1485.13, 6638
-1086.16, -354.716, 868.092, 5559
-1072.06, -379.133, 1008.55, 2413
-1003.26, -498.295, 520.929, 6369
-970.392, -555.231, 1484.57, 6638
-1105.95, -356.446, 859.741, 5559
-1101.36, -364.386, 1058.99, 2413
-1095.33, -374.834, 1035.34, 2413
-1018.04, -508.699, 520.392, 6369
-987.498, -561.603, 1484.53, 6638
-1126.25, -357.274, 1088.72, 2413
-1124.76, -359.852, 852.185, 5559
-1032.19, -520.187, 519.236, 6369
-1005.37, -566.644, 1484.36, 6638
-1163.01, -329.611, 1159.04, 2413
-1151.51, -349.526, 1120.36, 2413
-1145.04, -360.735, 842.339, 5559
-1047.41, -529.825, 518.196, 6369
-1022.64, -572.733, 1483.89, 6638
-1181.85, -332.969, 1167.71, 2413
-1163.06, -365.519, 836.989, 5559
-1062.74, -539.287, 517.903, 6369
-1040.59, -577.64, 1483.63, 6638
-126.393, -403.918, 19.9535, 4455
-126.393, -403.918, -2.0465, 4455
-122.063, -406.418, 1266.57, 3987
-123.934, -419.195, 1271.06, 3987
-123.732, -419.311, 788.256, 4455
-129.732, -429.703, 1277.2, 3987
-129.732, -429.703, 775.329, 4455
-132.31, -442.071, 1280.4, 3987
-131.776, -442.38, 766.553, 4455
-136.965, -453.24, 1285.75, 3987
-139.056, -452.033, 749.438, 4455
-147.593, -460.96, 735.448, 4455
-141.487, -464.486, 1291, 3987
-156.837, -469.48, 723.222, 4455
-146.66, -475.356, 1295.19, 3987
-350.258, -371.665, 429.66, 4455
-169.003, -476.312, 706.157, 4455
-151.462, -486.44, 1300.81, 3987
-360.717, -379.483, 431.231, 4455
-180.944, -483.274, 692.713, 4455
-155.99, -497.682, 1305.99, 3987
-355.936, -396.099, 450.669, 4455
-194.679, -489.201, 675.874, 4455
-161.238, -508.508, 1309.85, 3987
-349.186, -413.853, 471.474, 4455
-211.308, -493.457, 657.311, 4455
-166.476, -519.34, 1313.97, 3987
-346.424, -429.304, 485.424, 4455
-337.371, -434.53, 497.622, 4455
-235.147, -493.55, 631.002, 4455
-171.32, -530.4, 1319.55, 3987
-339.427, -447.2, 503.823, 4455
-324.167, -456.011, 523.94, 4455
-307.01, -465.916, 546.996, 4455
-290.626, -475.375, 567.157, 4455
-267.446, -488.758, 594.244, 4455
-257.823, -494.314, 608.384, 4455
-176.336, -541.36, 1324.36, 3987
-325.636, -469.018, 525.954, 4455
-312.795, -476.432, 548.67, 4455
-296.995, -485.554, 566.588, 4455
-273.675, -499.018, 597.454, 4455
-181.324, -552.337, 1329.05, 3987
-186.508, -563.201, 1333.76, 3987
-191.919, -573.933, 1339.7, 3987
-197.095, -584.801, 1343.31, 3987
-202.278, -595.665, 1348.94, 3987
-207.188, -606.687, 1355.48, 3987
-212.566, -617.438, 1357.82, 3987
-218.539, -627.846, 1362.87, 3987
-223.884, -638.616, 1367.82, 3987
-229.495, -649.233, 1372.68, 3987
-235.131, -659.836, 1376.7, 3987
-240.57, -670.552, 1382.55, 3987
-246.313, -681.092, 1386.09, 3987
-251.996, -691.668, 1391.81, 3987
-259.145, -704.861, 1397.07, 3987
-267.745, -720.68, 1405.58, 3987
-276.644, -736.327, 1410.99, 3987
-285.309, -752.109, 1421.99, 3987
-293.907, -767.93, 1424.43, 3987
-303.668, -783.078, 1434.46, 3987
-312.885, -798.542, 1440.44, 3987
-322.22, -813.937, 1447.91, 3987
-331.755, -829.217, 1455.09, 3987
-341.306, -844.487, 1461.42, 3987
-351.044, -859.649, 1469.62, 3987
-360.56, -874.94, 1476.58, 3987
-486.638, -822.933, 827.933, 1762
-370.55, -889.957, 1483.75, 3987
-495.618, -838.533, 825.719, 1762
-380.262, -905.134, 1491.76, 3987
-503.727, -854.636, 820.025, 1762
-390.386, -920.073, 1498.15, 3987
-510.081, -871.752, 812.221, 1762
-400.558, -934.986, 1505.88, 3987
-518.41, -887.728, 804.471, 1762
-410.509, -950.024, 1513.04, 3987
-527.244, -903.412, 798.028, 1762
-420.873, -964.826, 1520.87, 3987
-535.995, -919.145, 791.349, 1762
-431.469, -979.493, 1527.08, 3987
-544.989, -934.736, 783.865, 1762
-442.024, -994.183, 1534.66, 3987
-554.274, -950.16, 776.783, 1762
-452.994, -1008.63, 1542.7, 3987
-564.156, -965.239, 770.723, 1762
-463.171, -1023.54, 1548.42, 3987
-821.312, -837.555, 1284.09, 4308
-576.405, -978.952, 765.286, 1762
-473.993, -1038.08, 1556.79, 3987
-831.816, -852.275, 1281.07, 4308
-588.39, -992.817, 759.823, 1762
-485.177, -1052.41, 1564.11, 3987
-840.172, -868.235, 1279.25, 4308
-600.264, -1006.75, 753.015, 1762
-495.976, -1066.96, 1571.06, 3987
-848.633, -884.135, 1276.48, 4308
-612.642, -1020.38, 748.025, 1762
-507.215, -1081.25, 1578.25, 3987
-59.4508, -413, 979.414, 5338
-16.6925, -413, 1550.01, 5445
38.8389, -413, 134.873, 5338
54.6572, -413, 1147.16, 5716
-53.3865, -425, 990.884, 5338
-17.9478, -425, 1554.13, 5445
61.8149, -425, 159.146, 5338
87.429, -425, 186.18, 5338
56.8819, -425, 1140.72, 5716
-43.2459, -437, 1006.13, 5338
-19.6871, -437, 1558.89, 5445
59.4066, -437, 1133.76, 5716
70.1978, -437, 168.589, 5338
88.8359, -437, 187.527, 5338
-12.7008, -449, 1038.54, 5338
-21.2293, -449, 1563.79, 5445
61.6655, -449, 1126.09, 5716
-23.1654, -461, 1566.5, 5445
-16.3791, -461, 1044.95, 5338
-3.01935, -461, 1061.63, 5338
64.0322, -461, 1118.83, 5716
-24.2819, -473, 1570.62, 5445
15.7169, -473, 1082.81, 5338
34.0937, -473, 1105.8, 5716
65.0777, -473, 1114.92, 5716
100.329, -473, 1176.89, 5338
108.645, -473, 1186.69, 5338
-26.3096, -485, 1575.95, 5445
40.6638, -485, 1111.47, 5338
56.9064, -485, 1130.71, 5338
75.1364, -485, 1150.15, 5338
89.0681, -485, 1168.12, 5338
68.6269, -485, 1105.72, 5716
-27.223, -497, 1579.88, 5445
70.7186, -497, 1099.08, 5716
-28.7878, -509, 1584.45, 5445
73.877, -509, 1092.58, 5716
-30.2669, -521, 1587.74, 5445
76.0148, -521, 1085.79, 5716
-31.5421, -533, 1592.2, 5445
79.4681, -533, 1078.66, 5716
-32.6097, -545, 1594.7, 5445
82.2435, -545, 1072.89, 5716
-33.8516, -557, 1600.92, 5445
85.3595, -557, 1064.95, 5716
-34.9018, -569, 1603.72, 5445
89.181, -569, 1057.89, 5716
-36.4983, -581, 1609.13, 5445
93.0326, -581, 1051.27, 5716
-37.2186, -593, 1611.93, 5445
96.9748, -593, 1044.05, 5716
-38.2078, -605, 1617.07, 5445
101.169, -605, 1036.89, 5716
-38.742, -617, 1620.29, 5445
103.654, -617, 1032.53, 5716
-40.3997, -629, 1625.8, 5445
108.916, -629, 1023.78, 5716
-41.3504, -641, 1628.7, 5445
114.584, -641, 1014.44, 5716
-41.8635, -653, 1632.26, 5445
117.47, -653, 1009.88, 5716
-42.5361, -665, 1636.92, 5445
121.527, -665, 1002.11, 5716
127.464, -677, 996.027, 5716
132.883, -689, 987.633, 5716
137.801, -701, 980.907, 5716
142.583, -713, 973.338, 5716
148.739, -725, 965.845, 5716
153.947, -740, 957.964, 5716
166.601, -758, 944.102, 5716
175.101, -776, 934.033, 5716
183.548, -794, 923.333, 5716
195.61, -812, 910.742, 5716
204.455, -830, 900.503, 5716
211.839, -848, 891.362, 5716
217.5, -866, 882.873, 5716
205.85, -358.044, 335.078, 5338
225.179, -346.884, 1388.51, 5338
252.25, -331.255, 1518.59, 5645
125.897, -418.061, 231.042, 5338
145.383, -406.811, 253.817, 5338
163.747, -396.209, 270.675, 5338
181.335, -386.054, 295.262, 5338
195.626, -377.803, 314.723, 5338
220.774, -363.284, 1371.61, 5338
262.936, -338.941, 1526.1, 5645
140.095, -423.72, 240.466, 5338
164.646, -409.546, 268.999, 5338
181.91, -399.578, 291.026, 5338
211.148, -382.698, 1345.86, 5338
273.329, -346.798, 1534.32, 5645
203.909, -400.733, 1323.58, 5338
284.015, -354.484, 1541.73, 5645
189.931, -422.66, 1295.28, 5338
295.446, -361.741, 1551.25, 5645
141.194, -464.655, 1226.98, 5338
150.935, -459.031, 1238.92, 5338
166.868, -449.832, 1258.39, 5338
306.012, -369.497, 1558.28, 5645
317.548, -376.693, 1567.26, 5645
329.611, -383.585, 1576.1, 5645
340.12, -391.374, 1582.31, 5645
352.997, -397.796, 1593.12, 5645
363.892, -405.362, 1600.13, 5645
377.642, -411.28, 1609.21, 5645
387.534, -419.425, 1615.88, 5645
397.578, -413.626, 1213.75, 4688
401.212, -425.385, 1626.2, 5645
403.578, -424.018, 1210.72, 4688
412.226, -432.882, 1632.72, 5645
413.89, -431.921, 1206.31, 4688
422.198, -440.981, 1202.2, 4688
422.92, -440.564, 1638.18, 5645
428.503, -451.198, 1199.17, 4688
434.63, -461.517, 1195.84, 4688
440.55, -471.955, 1191.88, 4688
446.539, -482.354, 1188.4, 4688
452.245, -492.916, 1184.74, 4688
457.97, -503.467, 1181.17, 4688
463.612, -514.066, 1177.71, 4688
469.014, -524.803, 1174.72, 4688
474.019, -535.77, 1170.02, 4688
478.894, -546.812, 1166.87, 4688
484.073, -557.678, 1163.18, 4688
490.723, -571.159, 1159.05, 4688
496.843, -588.41, 1154.14, 4688
504.417, -604.822, 1148.45, 4688
510.087, -622.333, 1143.04, 4688
516.97, -639.144, 1138.34, 4688
522.973, -656.463, 1132.38, 4688
528.144, -674.262, 1126.36, 4688
533.858, -691.748, 1121.49, 4688
539.683, -709.169, 1116.4, 4688
253.979, -894.905, 852.08, 5716
545.261, -726.733, 1110.52, 4688
260.446, -911.956, 845.32, 5716
550.02, -744.77, 1105.16, 4688
271.444, -926.391, 835.245, 5716
554.964, -762.7, 1099.52, 4688
282.539, -940.77, 825.138, 5716
558.676, -781.342, 1093.33, 4688
293.772, -955.069, 815.489, 5716
563.179, -799.527, 1088.11, 4688
305.53, -969.065, 804.31, 5716
566.613, -818.329, 1082.65, 4688
317.868, -982.727, 793.951, 5716
570.149, -837.072, 1076.01, 4688
330.378, -996.288, 782.864, 5716
573.92, -855.679, 1070.4, 4688
342.582, -1010.03, 774.17, 5716
575.667, -875.455, 1064.27, 4688
355.168, -1023.54, 763.565, 5716
578.85, -894.402, 1057.95, 4688
368.654, -1036.54, 752.927, 5716
580.034, -914.503, 1051.77, 4688
382.083, -1049.57, 743.526, 5716
583.138, -933.496, 1046.34, 4688
397.146, -1061.66, 729.891, 5716
582.217, -954.812, 1038.98, 4688
410.736, -1074.6, 720.391, 5716
584.016, -974.558, 1032.71, 4688
422.881, -1088.37, 714.958, 5716
583.702, -995.524, 1026.14, 4688
440.527, -1098.97, 697.933, 5716
583.638, -1016.35, 1019.63, 4688
452.331, -1112.94, 692.568, 5716
582.65, -1037.7, 1012.3, 4688
311.428, -286.591, 1262.39, 4688
319.772, -296.138, 1258.14, 4688
328.026, -305.843, 1253.81, 4688
336.173, -315.731, 1250.71, 4688
344.099, -326.003, 1246.35, 4688
353.448, -333.811, 1242.59, 4688
361.39, -344.054, 1238.86, 4688
371.665, -350.258, 1235.57, 4688
379.557, -360.588, 1231.03, 4688
387.449, -370.918, 1228.38, 4688
822.276, -235.777, 1128.76, 6009
834.97, -249.79, 1114.7, 6009
845.157, -268.145, 1094.44, 6009
855.721, -285.848, 1075.84, 6009
866.025, -304, 1056.91, 6009
875.961, -322.792, 1037.51, 6009
885.589, -342.114, 1017.91, 6009
893.614, -364.215, 994.61, 6009
903.365, -383.326, 975.282, 6009
911.799, -404.717, 953.39, 6009
920.696, -425.307, 933.25, 6009
928.02, -448.622, 910.334, 6009
935.954, -470.879, 889.712, 6009
942.327, -495.842, 865.466, 6009
947.985, -522.042, 840.358, 6009
955.224, -545.504, 818.615, 6009
957.576, -577.429, 785.158, 6009
961.725, -570.243, 797.67, 6009
967.168, -596.816, 770.766, 6009
970.849, -626.44, 741.847, 6009
975.59, -654.228, 715.713, 6009
965.636, -707.469, 679.87, 6009
976.986, -687.811, 683.366, 6009
413, -94.1116, -1307.85, 2222
425, -100.622, -1302.76, 2222
425, 102.5, -1341.09, 691
437, -102.414, -1299.87, 2222
449, -107.409, -1296.51, 2222
449, 107.5, -1357.02, 691
461, -112.5, -1292.86, 2222
461, 112.485, -1366.51, 691
473, 112.5, -1372.24, 691
485, 117.328, -1381.15, 691
497, 117.495, -1387.78, 691
509, 121.32, -1396.53, 691
521, 124.392, -1403.65, 691
533, 124.949, -1410.8, 691
545, 125.308, -1418.12, 691
557, 126.298, -1425.6, 691
569, 127.795, -1433.48, 691
581, 129.139, -1441.6, 691
593, 129.536, -1448.58, 691
605, 129.684, -1456.45, 691
617, 129.906, -1464.14, 691
629, 129.88, -1469.85, 691
641, 129.873, -1479.19, 691
653, 129.921, -1486.28, 691
665, 129.809, -1493.84, 691
677, 129.609, -1501.35, 691
689, 129.134, -1508.08, 691
701, 128.069, -1516.69, 691
713, 126.644, -1523.89, 691
725, 125.498, -1530.97, 691
740, 125.003, -1540.98, 691
758, 124.333, -1551.06, 691
776, 120.47, -1564.85, 691
794, 119.398, -1574.59, 691
812, 115.121, -1588.51, 691
830, 111.143, -1600.33, 691
848, 108.251, -1611.34, 691
866, 103.712, -1624.21, 691
884, 99.8778, -1633.07, 691
938, -237.5, -599.647, 724
956, -240.946, -594.238, 724
974, -239.804, -586.808, 724
992, -237.725, -580.382, 724
1010, -234.381, -571.474, 724
1028, -233.181, -564.073, 724
1046, -229.376, -557.159, 724
1064, -227.784, -551.291, 724
1082, -224.404, -543.263, 724
1100, -221.399, -536.553, 724
1118, -217.779, -529.353, 724
1136, -213.888, -520.432, 724
1154, -209.932, -513.97, 724
1172, -205.21, -504.477, 724
1190, -203.467, -501.372, 724
547.109, 532.38, -1459.86, 2033
560.528, 545.137, -1466.11, 2033
575.98, 554.373, -1471.86, 2033
591.816, 562.944, -1477.49, 2033
607.84, 571.191, -1483.47, 2033
623.729, 579.67, -1489.37, 2033
639.672, 588.056, -1495.88, 2033
656.089, 595.62, -1501.73, 2033
672.831, 602.623, -1507.77, 2033
688.983, 610.647, -1513.89, 2033
705.993, 617.184, -1520.84, 2033
722.598, 624.423, -1526.36, 2033
739.917, 630.426, -1532.75, 2033
756.632, 637.474, -1538.18, 2033
774.153, 643.128, -1543.73, 2033
791.94, 648.319, -1551.63, 2033
809.183, 654.453, -1557.21, 2033
826.494, 660.47, -1562.38, 2033
844.183, 665.833, -1569.35, 2033
862.267, 670.509, -1575.65, 2033
880.46, 674.999, -1581.77, 2033
898.615, 679.552, -1587.95, 2033
916.847, 683.974, -1594.59, 2033
935.173, 688.233, -1599.76, 2033
954.373, 690.977, -1607.12, 2033
972.868, 694.944, -1613.34, 2033
265.849, 323.404, -1345.75, 2033
274.586, 332.216, -1349.67, 2033
283.429, 340.966, -1353.19, 2033
292.962, 349.319, -1357.38, 2033
301.915, 358.006, -1361.3, 2033
311.244, 366.477, -1365.21, 2033
321.035, 374.68, -1369.34, 2033
307.35, 382.581, -1508.07, 2538
330.298, 383.188, -1372.83, 2033
316.711, 391.033, -1522.21, 2538
340.207, 391.324, -1377.14, 2033
324.313, 400.501, -1531.27, 2538
350.512, 399.231, -1381.77, 2033
333.383, 409.12, -1543.94, 2538
358.901, 408.244, -1384.21, 2033
341.274, 418.421, -1553.09, 2538
369.622, 415.911, -1389.38, 2033
351.782, 426.21, -1568.94, 2538
379.335, 424.159, -1393.13, 2033
360.236, 435.186, -1579.01, 2538
389.779, 431.986, -1397.47, 2033
370.073, 443.363, -1591.69, 2538
399.848, 440.028, -1401.6, 2033
378.884, 452.132, -1601.88, 2538
410.098, 447.967, -1405.6, 2033
388.324, 460.539, -1615.03, 2538
421.142, 455.448, -1410.27, 2033
398.626, 468.447, -1628.99, 2538
432.225, 462.905, -1415.21, 2033
406.562, 477.722, -1635.16, 2538
442.186, 471.011, -1418.49, 2033
453.504, 478.332, -1422.95, 2033
464.533, 485.821, -1427.62, 2033
473.095, 494.735, -1431.33, 2033
483.515, 502.575, -1435.21, 2033
493.878, 510.448, -1439.54, 2033
202.78, 706.226, -1077.2, 733
204.831, 718.899, -1078.77, 733
210.976, 732.671, -1080.5, 733
219.614, 748.469, -1082.91, 733
228.431, 764.163, -1084.82, 733
237.466, 779.731, -1087.05, 733
246.357, 795.383, -1089.29, 733
255.72, 810.761, -1091.45, 733
265.084, 826.14, -1093.48, 733
274.571, 841.447, -1096.44, 733
284.362, 856.579, -1098.54, 733
294.271, 871.642, -1100.41, 733
304.056, 886.778, -1102.8, 733
313.952, 901.849, -1104.74, 733
324.283, 916.669, -1107.23, 733
334.576, 931.511, -1109.3, 733
345.131, 946.201, -1111.94, 733
355.782, 960.837, -1114.29, 733
366.684, 975.327, -1116.52, 733
377.337, 989.961, -1118.8, 733
388.646, 1004.22, -1120.79, 733
399.762, 1018.58, -1123.4, 733
411.701, 1032.47, -1126.18, 733
421.731, 1047.47, -1127.79, 733
434.766, 1060.73, -1130.93, 733
446.195, 1074.91, -1132.76, 733
458.115, 1088.82, -1135.6, 733
470.038, 1102.72, -1137.6, 733
74.1575, 413, -1039.95, 733
55.1165, 413, -1315.54, 605
-84.5025, 413, -1265.2, 908
78.1728, 425, -1041.05, 733
53.511, 425, -1311.55, 605
-90.7489, 425, -1271.33, 908
82.4313, 437, -1042.78, 733
51.5281, 437, -1307.4, 605
-98.8984, 437, -1278.45, 908
85.6845, 449, -1043.71, 733
50.0746, 449, -1304.18, 605
-105.991, 449, -1285.42, 908
90.6989, 461, -1045.5, 733
47.34, 461, -1299.21, 605
-112.234, 461, -1291.71, 908
95.9909, 473, -1047.36, 733
46.2777, 473, -1297.09, 605
99.3763, 485, -1048.23, 733
43.4554, 485, -1292.64, 605
104.396, 497, -1050.24, 733
40.1549, 497, -1288.54, 605
107.389, 509, -1051.39, 733
38.0088, 509, -1285.25, 605
112.382, 521, -1052.52, 733
34.4302, 521, -1280.57, 605
117.942, 533, -1054.64, 733
30.8823, 533, -1276.82, 605
122.383, 545, -1056.04, 733
27.6605, 545, -1273.1, 605
126.746, 557, -1057.6, 733
24.0777, 557, -1269.04, 605
-137.5, 557, -1617.25, 2167
132.785, 569, -1058.86, 733
19.8212, 569, -1265.05, 605
-137.5, 569, -1620.69, 2167
137.363, 581, -1060.4, 733
15.0773, 581, -1260.97, 605
-142.256, 581, -1625.52, 2167
142.472, 593, -1061.77, 733
11.2469, 593, -1257.51, 605
-142.725, 593, -1630.32, 2167
146.591, 605, -1063.43, 733
6.70538, 605, -1253.13, 605
-142.396, 605, -1633.84, 2167
152.004, 617, -1065.21, 733
1.90653, 617, -1249.89, 605
-142.449, 617, -1636.88, 2167
156.625, 629, -1067.36, 733
-4.33405, 629, -1244.8, 605
157.5, 641, -1067.4, 733
-9.68208, 641, -1241.02, 605
162.5, 653, -1069.35, 733
-14.4003, 653, -1237.07, 605
-20.1987, 665, -1232.98, 605
-27.2381, 677, -1229.13, 605
-33.4545, 689, -1224.97, 605
-41.0824, 701, -1220.38, 605
-47.4474, 713, -1217.05, 605
-55.876, 725, -1212.45, 605
-67.0268, 740, -1206.22, 605
-187.5, 740, -1606.87, 731
-187.5, 740, -1549.34, 652
-190.679, 758, -1618.35, 652
-192.5, 758, -1564.04, 652
-89.7004, 776, -1193.8, 605
-190.101, 776, -1632.06, 731
-195.953, 776, -1578.93, 652
-105.642, 794, -1186.5, 605
-189.801, 794, -1636.95, 731
-197.187, 794, -1591.06, 652
-123.217, 812, -1179.33, 605
-198.46, 812, -1603.38, 652
-136.846, 830, -1172.27, 605
-199.218, 830, -1616.55, 652
-156.244, 848, -1164.02, 605
-200.265, 848, -1628.65, 652
-173.796, 866, -1156.97, 605
-200.983, 866, -1636.89, 652
-192.196, 884, -1150.01, 605
-203.154, 884, -1145.65, 605
-214.475, 902, -1141.22, 605
-225.047, 902, -1137.13, 605
-227.5, 902, -519.256, 2414
-231.295, 920, -1134.63, 605
-232.146, 920, -514.39, 2414
-234.05, 938, -510.719, 2414
-233.811, 956, -505.822, 2414
-233.268, 974, -501.433, 2414
-232.578, 992, -496.858, 2414
-231.775, 1010, -492.419, 2414
-230.631, 1028, -487.597, 2414
-229.56, 1046, -483.139, 2414
-228.98, 1064, -479.21, 2414
-226.882, 1082, -474.438, 2414
-225.072, 1100, -469.862, 2414
-223.419, 1118, -465.084, 2414
-221.41, 1136, -460.445, 2414
-219.265, 1154, -456.303, 2414
-216.872, 1172, -450.998, 2414
-214.694, 1190, -447.276, 2414
-122.278, 406.294, -1566, 2167
-127.387, 403.344, -827.471, 913
-133.745, 399.673, -1313.38, 652
-159.674, 384.704, -647.485, 2414
-161.811, 383.469, -1334.99, 731
-124.607, 418.806, -1570.56, 2167
-133.829, 413.482, -822.155, 913
-136.391, 412.003, -1323.38, 652
-163.618, 396.283, -1345.6, 731
-162.973, 396.655, -644.765, 2414
-129.732, 429.703, -1574, 2167
-139.955, 423.801, -817.761, 913
-140.129, 423.701, -1329.58, 652
-166.139, 408.684, -1354.32, 731
-166.374, 408.548, -641.843, 2414
-131.433, 442.577, -1578.22, 2167
-142.439, 436.223, -1340.6, 652
-146.098, 434.111, -812.259, 913
-168.235, 421.33, -1363.78, 731
-169.876, 420.383, -638.631, 2414
-133.114, 455.464, -1582.37, 2167
-145.721, 448.185, -1347.34, 652
-152.589, 444.219, -806.433, 913
-169.497, 434.458, -1374.97, 731
-172.459, 432.747, -635.565, 2414
-139.072, 465.88, -1586.97, 2167
-148.017, 460.716, -1358.57, 652
-158.871, 454.449, -802.376, 913
-172.111, 446.805, -1382.52, 731
-175.625, 444.776, -632.618, 2414
-140.742, 478.772, -1590.13, 2167
-140.742, 478.772, -1309.65, 908
-151.414, 472.611, -1364.72, 652
-165.816, 464.296, -796.292, 913
-173.148, 460.063, -1394.51, 731
-178.104, 457.202, -628.808, 2414
-146.762, 489.153, -1314.72, 908
-153.296, 485.381, -1375.6, 652
-174.451, 473.167, -1405.59, 731
-172.133, 474.505, -792.313, 913
-181.455, 469.123, -626.528, 2414
-152.827, 499.508, -1319.91, 908
-156.953, 497.126, -1382.83, 652
-177.29, 485.384, -1410.76, 731
-179.576, 484.064, -786.858, 913
-184.361, 481.302, -623.349, 2414
-158.469, 510.107, -1393.33, 652
-162.105, 508.007, -1326.79, 908
-178.725, 498.412, -1421.72, 731
-187.094, 493.58, -620.405, 2414
-186.611, 493.859, -782.18, 913
-161.258, 522.353, -1402.18, 652
-171.558, 516.406, -1332.64, 908
-179.377, 511.892, -1433.61, 731
-189.426, 506.09, -616.548, 2414
-194.374, 503.233, -777.129, 913
-163.828, 534.725, -1409.33, 652
-181.546, 524.496, -1441.31, 731
-181.79, 524.355, -1339.48, 908
-192.17, 518.363, -614.182, 2414
-201.563, 512.939, -771.706, 913
-165.269, 547.75, -1421.04, 652
-182.159, 537.999, -1453.02, 731
-191.938, 532.353, -1345.53, 908
-193.808, 531.273, -610.282, 2414
-209.091, 522.449, -766.055, 913
-168.946, 559.484, -1425.93, 652
-183.51, 551.075, -1462.73, 731
-197.71, 542.877, -608.129, 2414
-202.377, 540.182, -1352.15, 908
-217.321, 531.554, -761.03, 913
-170.443, 572.476, -1435.15, 652
-184.483, 564.37, -1472.71, 731
-199.748, 555.556, -605.092, 2414
-213.844, 547.418, -1359.07, 908
-225.665, 540.594, -756.274, 913
-172.475, 585.159, -1445.1, 652
-185.371, 577.713, -1482.8, 731
-202.456, 567.849, -602.221, 2414
-225.334, 554.641, -1365.5, 908
-232.815, 550.321, -752.289, 913
-175.558, 597.235, -1452.05, 652
-186.328, 591.017, -1492.77, 731
-204.159, 580.723, -598.438, 2414
-237.748, 561.33, -1373.23, 908
-241.592, 559.111, -745.802, 913
-177.045, 610.233, -1462.75, 652
-186.567, 604.736, -1504.32, 731
-206.606, 593.166, -595.964, 2414
-250.595, 567.769, -1380.66, 908
-250.705, 567.706, -739.839, 913
-178.622, 623.179, -1472.71, 652
-188.673, 617.376, -1511.88, 731
-207.902, 606.274, -592.211, 2414
-259.054, 576.742, -735.974, 913
-263.944, 573.919, -1387.94, 908
-188.305, 631.445, -1523.95, 731
-184.101, 633.872, -1477.57, 652
-210.125, 618.847, -589.032, 2414
-267.259, 585.861, -730.857, 913
-276.159, 580.723, -1394.7, 908
-188.713, 645.066, -1534.3, 731
-185.771, 646.765, -1487.31, 652
-212.336, 631.427, -586.111, 2414
-277.667, 593.708, -724.603, 913
-292.961, 584.878, -1403.71, 908
-191.929, 657.066, -1541.56, 731
-214.859, 643.827, -582.928, 2414
-286.43, 602.506, -720.126, 913
-307.775, 590.182, -1411.94, 908
-193.466, 670.035, -1550.44, 731
-215.543, 657.288, -579.37, 2414
-295.847, 610.925, -714.25, 913
-323.151, 595.161, -1419.67, 908
-195.111, 682.942, -1560.05, 731
-218.054, 669.695, -576.714, 2414
-305.06, 619.462, -709.484, 913
-342.772, 597.689, -1430.82, 908
-219.244, 682.864, -573.232, 2414
-315.233, 627.445, -704.343, 913
-359.801, 601.714, -1439.67, 908
-221.18, 695.603, -570.549, 2414
-324.939, 635.698, -699.819, 913
-380.388, 603.685, -1450.46, 908
-222.183, 708.881, -567.264, 2414
-336.099, 643.111, -692.389, 913
-398.755, 606.937, -1460.44, 908
-224.839, 724.668, -563.561, 2414
-349.5, 652.694, -684.695, 913
-421.064, 611.377, -1470.52, 908
-428.377, 607.155, -1476.15, 908
-436.595, 602.41, -1482.67, 908
-224.987, 745.367, -557.497, 2414
-363.721, 665.269, -679.41, 913
-464.073, 607.33, -1494.05, 908
-476.774, 599.997, -1502.86, 908
-488.395, 593.288, -1511.07, 908
-227.059, 764.955, -553.099, 2414
-380.818, 676.182, -670.162, 913
-511.691, 600.623, -1519.12, 908
-533.598, 587.975, -1533.57, 908
-555.98, 575.052, -1547.48, 908
-230.71, 783.632, -549.437, 2414
-400.329, 685.702, -659.317, 913
-570.102, 587.684, -1548.95, 908
-231.209, 804.128, -543.697, 2414
-415.833, 697.536, -652.582, 913
-235.799, 822.263, -539.687, 2414
-435.476, 706.979, -643.377, 913
-240.06, 840.588, -535.176, 2414
-453.509, 717.353, -634.408, 913
-244.639, 858.728, -531.454, 2414
-472.034, 727.442, -626.448, 913
-492.768, 736.256, -616.357, 913
-512.698, 745.534, -607.745, 913
-535.482, 753.164, -596.983, 913
-264.048, 930.661, -1122.01, 605
-554.964, 762.7, -589.499, 913
-560.473, 759.52, -585.562, 913
-278.13, 943.315, -1117.71, 605
-581.625, 768.092, -576.786, 913
-296.528, 953.478, -1111.63, 605
-603.781, 776.085, -568.01, 913
-314.969, 963.615, -1104.59, 605
-632.983, 780.01, -556.072, 913
-333.41, 973.753, -1098.8, 605
-657.785, 786.475, -545.554, 913
-352.493, 983.52, -1092.2, 605
-689.342, 789.041, -531.053, 913
-372.511, 992.747, -1086.02, 605
-711.046, 797.294, -522.754, 913
-394.977, 1000.56, -1077.64, 605
-738.896, 801.999, -513.602, 913
-749.273, 796.008, -506.622, 913
-415.991, 1009.21, -1071.61, 605
-777.09, 800.733, -497.093, 913
-439.939, 1016.17, -1064.05, 605
-794.111, 811.69, -491.809, 913
-464.03, 1023.05, -1056.15, 605
-483.236, 1032.74, -1051.24, 605
-490.69, 1028.44, -1047.19, 605
-509.844, 1038.17, -1042.42, 605
-517.093, 1033.98, -1039.24, 605
-533.799, 1045.12, -1035.91, 605
-540.085, 1041.49, -1032.51, 605
-564.634, 1048.1, -1025.49, 605
-319.071, 273.353, -559.486, 643
-370.222, 184.757, -890.354, 732
-328.149, 281.629, -542.187, 643
-379.963, 191.886, -887.647, 732
-337.631, 289.207, -530.154, 643
-389.302, 199.708, -884.07, 732
-346.814, 297.3, -513.612, 643
-399.009, 206.896, -881.384, 732
-356.018, 305.358, -498.552, 643
-408.577, 214.324, -878.346, 732
-365.017, 313.771, -482.323, 643
-417.901, 222.174, -874.919, 732
-373.829, 322.508, -462.487, 643
-427.423, 229.682, -872.587, 732
-383.579, 329.622, -456.07, 643
-436.76, 237.509, -868.485, 732
-392.162, 338.756, -434.998, 643
-446.213, 245.136, -866.498, 732
-401.236, 347.039, -418.929, 643
-455.396, 253.231, -863.37, 732
-410.763, 354.538, -409.497, 643
-464.645, 261.211, -860.23, 732
-419.297, 363.757, -387.747, 643
-473.754, 269.434, -856.82, 732
-428.597, 371.648, -375.872, 643
-482.832, 277.711, -853.803, 732
-437.102, 380.917, -356.952, 643
-492.077, 285.698, -851.208, 732
-446.446, 388.733, -345.454, 643
-501.095, 294.078, -848.037, 732
-455.155, 397.648, -328.495, 643
-510.033, 302.597, -844.566, 732
-463.879, 406.537, -310.884, 643
-519.103, 310.887, -842.174, 732
-472.85, 414.999, -296.678, 643
-527.957, 319.551, -838.788, 732
-481.729, 423.621, -280.707, 643
-537.019, 327.856, -835.656, 732
-490.288, 432.797, -264.387, 643
-545.668, 336.875, -832.629, 732
-499.453, 440.922, -251.774, 643
-554.486, 345.602, -829.437, 732
-563.169, 354.562, -826.711, 732
-571.875, 363.483, -823.806, 732
-525.471, 467.858, -204.156, 643
-580.601, 372.37, -820.897, 732
-534.024, 477.043, -186.086, 643
-589.231, 381.421, -818.084, 732
-542.175, 486.926, -164.406, 643
-597.402, 391.27, -814.522, 732
-551.845, 494.176, -159.876, 643
-606.173, 400.077, -811.708, 732
-561.696, 507.115, -133.995, 643
-616.846, 411.591, -808.343, 732
-575.332, 519.496, -117.339, 643
-628.861, 426.78, -802.73, 732
-587.416, 534.565, -87.2201, 643
-642.008, 440.009, -799.311, 732
-588.764, 568.23, -1563.86, 908
-594.842, 557.704, -1571.58, 908
-600.309, 548.235, -65.2825, 643
-653.591, 455.948, -793.991, 732
-612.662, 562.839, -39.8507, 643
-619.796, 550.482, -1582.03, 908
-627.807, 536.606, -1592.75, 908
-665.547, 471.239, -789.192, 732
-732.717, 354.897, -1492.97, 971
-625.266, 577.007, -16.2686, 643
-653.371, 528.329, -1604.84, 908
-664.455, 509.13, -1618.86, 908
-678.871, 484.162, -785.699, 732
-705.357, 438.286, -1591.85, 971
-717.153, 417.855, -1563.61, 971
-726.889, 400.992, -1544.2, 971
-729.631, 396.241, -1531.26, 971
-738.678, 380.572, -1518.79, 971
-751.666, 358.076, -1486.88, 971
-770.42, 325.593, -1448.82, 971
-638.926, 589.347, -3.24084, 643
-691.291, 498.648, -1631.26, 908
-703.526, 477.457, -1630.68, 971
-708.595, 468.678, -1612.38, 971
-689.793, 501.244, -780.047, 732
-791.795, 324.571, -1437.39, 971
-701.681, 516.653, -775.205, 732
-713.243, 532.627, -770.496, 732
-725.43, 547.518, -766.159, 732
-736.582, 564.202, -761.467, 732
-746.735, 582.617, -756.451, 732
-774.439, 534.632, -13.5961, 4141
-759.342, 596.781, -752.19, 732
-785.257, 551.895, -43.8292, 4141
-770.089, 614.166, -747.248, 732
-794.526, 571.841, -84.074, 4141
-781.037, 631.205, -742.255, 732
-805.832, 588.258, -107.945, 4141
-792.051, 648.127, -737.312, 732
-816.507, 605.768, -137.227, 4141
-803.218, 664.785, -732.184, 732
-824.803, 627.4, -181.129, 4141
-813.939, 682.217, -727.047, 732
-834.785, 646.11, -211.412, 4141
-824.343, 700.196, -721.247, 732
-843.455, 667.093, -249.287, 4141
-834.919, 717.878, -716.014, 732
-852.44, 687.531, -285.437, 4141
-811.378, 794.652, -477.927, 913
-845.249, 735.986, -710.494, 732
-861.264, 708.247, -320.67, 4141
-828.708, 800.636, -474.322, 913
-855.652, 753.967, -705.372, 732
-869.51, 729.964, -357.477, 4141
-849.935, 799.869, -466.611, 913
-865.177, 773.469, -699.677, 732
-877.769, 751.659, -392.861, 4141
-871.697, 798.176, -457.369, 913
-883.835, 777.152, -438.191, 4141
-875.72, 791.208, -694.712, 732
-886.415, 808.684, -690.092, 732
-890.534, 801.55, -477.965, 4141
-886.232, 809.002, -454.454, 913
-894.26, 831.096, -683.299, 732
-898.823, 823.192, -509.838, 4141
-916.439, 792.681, -438.835, 913
-413, -52.8375, -1128.92, 697
-425, -51.1444, -1129.34, 697
-437, -50.0123, -1129.47, 697
-449, -48.6127, -1130.26, 697
-461, -46.5247, -1130.38, 697
-473, -45.1259, -1130.69, 697
-485, -43.2982, -1131.27, 697
-497, -41.0363, -1132.13, 697
-509, -39.3344, -1132.18, 697
-521, -37.1595, -1132.99, 697
-533, -35.163, -1133.29, 697
-545, -32.5178, -1133.88, 697
-557, -30.3116, -1134.5, 697
-569, -27.9163, -1135.06, 697
-581, -25.2104, -1135.73, 697
-593, -22.2582, -1135.87, 697
-605, -19.2323, -1136.4, 697
-617, -15.9044, -1137.06, 697
-629, -13.5846, -1137.37, 697
-641, -9.988, -1138.12, 697
-653, -7.10987, -1138.33, 697
-665, -2.83834, -1138.92, 697
-677, 0.258198, -1139.47, 697
-689, 4.24631, -1140.13, 697
-701, 7.3102, -1140.5, 697
-713, 12.1523, -1141.26, 697
-725, 15.055, -1141.94, 697
-740, 20.7082, -1142.23, 697
-758, 27.3881, -1143.12, 697
-776, 34.7681, -1143.72, 697
-794, 40.3436, -1144.22, 697
-812, 48.3877, -1145.22, 697
-830, 55.6211, -1145.8, 697
-848, 62.5489, -1146.39, 697
-866, 71.1736, -1147.35, 697
-884, 79.0906, -1147.92, 697
-902, 86.8389, -1148.76, 697
-920, 95.74, -1149.87, 697
-938, 106.317, -1151.15, 697
-956, 111.567, -1151.93, 697
-974, 125.093, -1152.67, 697
-992, 132.774, -1153.31, 697
-1010, 143.636, -1154.04, 697
-1028, 153.669, -1154.7, 697
-1046, 164.76, -1155.8, 697
-1064, 174.713, -1156.43, 697
-1082, 186.464, -1157.4, 697
-1100, 198.638, -1158.13, 697
-1118, 210.574, -1158.99, 697
-1136, 223.501, -1159.96, 697
-1154, 235.258, -1160.72, 697
-1172, 249.328, -1161.35, 697
-1190, 261.984, -1162.35, 697
-343.148, -327.651, -67.7235, 2413
-353.38, -333.928, -55.2433, 2413
-353.38, -333.928, -38.6996, 2413
-362.023, -342.958, -32.8364, 2413
-372.667, -348.521, -18.1679, 2413
-383.485, -353.785, -5.26205, 2413
-1002.53, -355.566, -9.38386, 3621
-1019.99, -361.317, -20.2288, 3621
-1039.47, -363.59, -46.3677, 3621
-1058.33, -366.926, -69.5537, 3621
-1078.7, -367.633, -103.514, 3621
-1098.2, -369.857, -130.088, 3621
-1117.3, -372.784, -153.105, 3621
-1136.81, -374.981, -179.99, 3621
-1156.37, -377.107, -204.138, 3621
-290.937, -308.918, -135.853, 2413
-270.856, -320.512, -849.29, 4455
-245.031, -335.422, -1398.35, 4455
-136.763, -397.931, -1232.5, 4455
-135.053, -398.918, -1298.31, 4455
-127.583, -403.231, -567.225, 4455
-130.723, -401.418, -1262.95, 4455
-126.015, -404.137, -681.292, 4455
-126.393, -403.918, -644.806, 4455
-126.393, -403.918, -603.048, 4455
-301.268, -316.811, -131.188, 2413
-272.517, -333.41, -830.047, 4455
-242.836, -350.546, -1384.15, 4455
-237.874, -353.411, -1375.49, 4455
-155.442, -401.003, -1258.31, 4455
-135.135, -412.727, -573.038, 4455
-307.268, -327.203, -133.803, 4455
-273.767, -346.545, -817.098, 4455
-232.462, -370.392, -1358.58, 4455
-218.186, -378.634, -1338.06, 4455
-199.515, -389.414, -1313.33, 4455
-175.333, -403.376, -1280.74, 4455
-147.715, -419.321, -597.365, 4455
-315.791, -336.139, -118.905, 4455
-270.242, -362.436, -793.288, 4455
-223.428, -389.464, -1336.39, 4455
-206.4, -399.295, -1315.45, 4455
-162.463, -424.662, -617.143, 4455
-319.556, -347.821, -112.86, 4455
-263.579, -380.139, -769.446, 4455
-182.368, -427.027, -644.294, 4455
-133.072, -455.488, -1410.69, 1235
-319.67, -361.612, -96.9715, 4455
-255.471, -398.677, -749.025, 4455
-242.154, -406.365, -728.78, 4455
-229.677, -413.569, -710.159, 4455
-204.376, -428.177, -671.062, 4455
-196.331, -432.822, -657.687, 4455
-317.718, -376.595, -81.729, 4455
-237.699, -422.794, -711.345, 4455
-227.345, -428.772, -695.548, 4455
-140.742, -478.772, -1415.31, 1235
-314.451, -392.338, -61.6621, 4455
-146.742, -489.165, -1416.67, 1235
-304.521, -411.927, -40.7653, 4455
-296.447, -416.589, -24.8217, 4455
-149.181, -501.613, -1418.67, 1235
-287.257, -435.751, -4.30952, 4455
-154.592, -512.345, -1421.67, 1235
-159.757, -523.22, -1423.89, 1235
-165.222, -533.921, -1426.17, 1235
-170.564, -544.693, -1428.24, 1235
-176.222, -555.283, -1428.87, 1235
-181.495, -566.095, -1432.58, 1235
-187.045, -576.747, -1433.66, 1235
-192.781, -587.292, -1436.72, 1235
-198.534, -597.827, -1438.29, 1235
-204.219, -608.401, -1440.21, 1235
-210.395, -618.692, -1443.21, 1235
-215.947, -629.342, -1444.94, 1235
-221.409, -640.045, -1447.39, 1235
-227.735, -650.249, -1449.94, 1235
-233.621, -660.708, -1450.95, 1235
-239.719, -671.043, -1453.94, 1235
-246.19, -681.164, -1455.55, 1235
-252.536, -691.356, -1457.59, 1235
-260.605, -704.018, -1460.86, 1235
-269.578, -719.622, -1463.02, 1235
-279.546, -734.652, -1466.71, 1235
-288.968, -749.997, -1469.83, 1235
-298.952, -765.017, -1472.36, 1235
-308.44, -780.323, -1476.75, 1235
-319.145, -794.927, -1479.75, 1235
-324.747, -812.478, -1483.28, 1235
-431.175, -771.816, -1471.04, 1235
-350.048, -839.439, -1489.9, 1235
-360.566, -854.152, -1493.02, 1235
-371.19, -868.802, -1495.64, 1235
-382.178, -883.243, -1499.42, 1235
-393.435, -897.529, -1502.87, 1235
-404.364, -912.003, -1505.14, 1235
-415.834, -926.165, -1509.47, 1235
-427.112, -940.439, -1511.56, 1235
-438.407, -954.702, -1515.62, 1235
-450.061, -968.759, -1518.08, 1235
-462.293, -982.481, -1522.05, 1235
-473.719, -996.669, -1525.08, 1235
-485.992, -1010.37, -1528.57, 1235
-498.121, -1024.15, -1532.2, 1235
-510.407, -1037.84, -1536.41, 1235
-522.704, -1051.53, -1538.3, 1235
-534.874, -1065.28, -1542.3, 1235
-44.5726, -413, -1500.05, 2034
-4.00159, -413, -864.788, 914
40.3753, -413, -1365.14, 730
-48.8021, -425, -1508.17, 2034
-0.974426, -425, -859.938, 914
37.8771, -425, -1370.04, 730
-52.4095, -437, -1515.21, 2034
0.375614, -437, -856.436, 914
-56.4631, -449, -1523.37, 2034
3.91759, -449, -850.706, 914
-61.0076, -461, -1531.68, 2034
6.04949, -461, -846.637, 914
28.9146, -461, -1387.23, 730
-65.5295, -473, -1540.17, 2034
8.90913, -473, -842.702, 914
25.3419, -473, -1393.31, 730
-70.3112, -485, -1548.79, 2034
12.0036, -485, -837.518, 914
21.8486, -485, -1399.5, 730
-74.3481, -497, -1555.25, 2034
14.0569, -497, -833.61, 914
19.4395, -497, -1404.15, 730
-79.6949, -509, -1564.3, 2034
15.3442, -509, -1410.7, 730
17.0985, -509, -829.005, 914
-84.5801, -521, -1572.49, 2034
11.6189, -521, -1416.87, 730
20.9833, -521, -823.402, 914
-89.5904, -533, -1580.1, 2034
7.96936, -533, -1422.56, 730
24.3199, -533, -818.694, 914
-95.224, -545, -1589.13, 2034
3.97544, -545, -1428.84, 730
26.5889, -545, -815.423, 914
-99.7388, -557, -1595.89, 2034
0.420856, -557, -1433.63, 730
30.406, -557, -810.749, 914
-105.136, -569, -1604.43, 2034
-3.79168, -569, -1440.56, 730
33.5541, -569, -806.279, 914
-111.276, -581, -1613.21, 2034
-7.48926, -581, -1446.08, 730
37.3539, -581, -802.33, 914
-116.431, -593, -1620.61, 2034
-11.6714, -593, -1452.2, 730
39.6656, -593, -798.6, 914
-122.78, -605, -1629.24, 2034
-15.882, -605, -1458.08, 730
44.5175, -605, -791.521, 914
-127.248, -617, -1635.78, 2034
-20.2332, -617, -1463.8, 730
47.7764, -617, -788.485, 914
-24.385, -629, -1469.29, 730
51.4291, -629, -783.876, 914
-29.6213, -641, -1476, 730
55.2617, -641, -779.367, 914
-33.775, -653, -1481.77, 730
59.5192, -653, -774.974, 914
-39.0154, -665, -1488.2, 730
64.9978, -665, -771.296, 914
-43.9999, -677, -1494.29, 730
68.064, -677, -765.279, 914
-48.3709, -689, -1499.72, 730
71.3599, -689, -760.072, 914
-54.4108, -701, -1506.79, 730
77.3058, -701, -753.942, 914
-59.0711, -713, -1512.51, 730
79.4759, -713, -752.406, 914
-64.6379, -725, -1519, 730
85.1411, -725, -746.954, 914
-70.18, -740, -1525.63, 730
91.5429, -740, -740.597, 914
-80.2594, -758, -1536.21, 730
97.6811, -758, -734.326, 914
-87.9642, -776, -1544.87, 730
105.009, -776, -725.829, 914
-96.9109, -794, -1554.53, 730
114.154, -794, -719.326, 914
-106.738, -812, -1564.42, 730
120.819, -812, -712.214, 914
-116.188, -830, -1573.88, 730
126.257, -830, -707.341, 914
-124.97, -848, -1582.87, 730
136.04, -848, -698.041, 914
-137.119, -866, -1594.48, 730
144.335, -866, -692.38, 914
-144.953, -884, -1602.02, 730
154.51, -884, -683.204, 914
-156.475, -902, -1612.32, 730
162.873, -902, -677.095, 914
-167.739, -920, -1622.3, 730
172.658, -920, -668.222, 914
-180.381, -938, -1632.88, 730
182.254, -938, -660.922, 914
-185.344, -956, -1636.98, 730
188.139, -956, -656.704, 914
200.519, -974, -647.67, 914
212.351, -992, -638.881, 914
220.188, -1010, -632.069, 914
231.652, -1028, -623.88, 914
242.423, -1046, -616.098, 914
251.135, -1064, -609.29, 914
265.474, -1082, -600.53, 914
277.887, -1100, -593.506, 914
287.196, -1118, -586.957, 914
292.5, -1136, -581.419, 914
127.564, -403.242, -1345.36, 650
290.937, -308.918, -1593.75, 763
133.06, -413.925, -1352.63, 650
247.341, -347.945, -1603.33, 763
266.826, -336.695, -1598.79, 763
274.435, -332.303, -1598.24, 763
286.86, -325.129, -1595.52, 763
301.268, -316.811, -1593.84, 763
139.256, -424.205, -1360.37, 650
220.857, -377.092, -1609.22, 763
229.44, -372.137, -1606.92, 763
240.526, -365.737, -1604.31, 763
145.104, -434.685, -1367.09, 650
198.151, -404.058, -1614.89, 763
209.352, -397.591, -1612.05, 763
151.452, -444.876, -1376.23, 650
185.395, -425.279, -1618.93, 763
193.128, -420.815, -1615.54, 763
157.577, -455.196, -1382.8, 650
180.964, -441.694, -1620.73, 763
167.974, -463.05, -1625.45, 763
164.233, -465.21, -1390.93, 650
159.018, -482.077, -1628.3, 763
170.896, -475.22, -1398.14, 650
146.247, -503.307, -1631.45, 763
177.663, -485.169, -1406.12, 650
151.613, -514.065, -1632.02, 763
184.174, -495.266, -1414.27, 650
191.192, -505.071, -1420.66, 650
198.246, -514.854, -1429.02, 650
205.194, -524.699, -1436.68, 650
212.656, -534.248, -1444.57, 650
219.898, -543.923, -1451.23, 650
227.699, -553.276, -1459.83, 650
235.445, -562.659, -1469.55, 650
242.88, -572.223, -1475.22, 650
251.275, -581.233, -1485.34, 650
258.74, -590.779, -1489.4, 650
267.238, -599.73, -1498.71, 650
275.764, -608.663, -1507.41, 650
284.288, -617.598, -1515.83, 650
291.908, -627.056, -1520.95, 650
300.797, -635.78, -1529.63, 650
309.96, -644.346, -1539.09, 650
319.214, -652.859, -1547.3, 650
330.787, -663.498, -1556.63, 650
344.33, -676.464, -1568.79, 650
358.738, -688.93, -1581.05, 650
372.788, -701.603, -1591.01, 650
387.702, -713.777, -1604.15, 650
402.821, -725.833, -1617.46, 650
419.643, -736.905, -1630.87, 650
431.426, -750.887, -1636.89, 650
293.18, -955.411, -1343.93, 763
309.228, -966.93, -1345.54, 763
330.749, -975.29, -1350.12, 763
354.813, -982.181, -1354.34, 763
374.968, -991.329, -1357.02, 763
401.294, -996.914, -1361.97, 763
427.71, -1002.45, -1366.51, 763
442.494, -993.912, -1369.68, 763
454.021, -1008.04, -1370.71, 763
794.652, -811.378, -1436.84, 763
492.89, -1006.39, -1376.18, 763
504.162, -999.877, -1378.64, 763
782.886, -838.956, -1431.79, 763
798.694, -829.829, -1434.49, 763
524.12, -1009.14, -1380.23, 763
534.16, -1003.34, -1382.72, 763
550.265, -994.044, -1385.66, 763
748.91, -879.357, -1421.97, 763
768.415, -868.095, -1426.18, 763
786.637, -857.574, -1429.98, 763
319.357, -1148.14, -568.792, 914
580.26, -997.511, -1389.55, 763
592.734, -990.309, -1391.41, 763
600.078, -986.069, -1393.63, 763
628.29, -969.781, -1396.85, 763
640.541, -962.708, -1400.38, 763
656.457, -953.519, -1403.23, 763
672.773, -944.099, -1406.23, 763
684.914, -937.089, -1408.04, 763
692.312, -932.818, -1410.11, 763
723.368, -914.887, -1415.75, 763
747.138, -901.164, -1420.27, 763
324.33, -1166.06, -564.284, 914
666.162, -968.7, -1402.66, 763
681.012, -960.127, -1406.08, 763
692.169, -953.685, -1408.12, 763
333.311, -1181.66, -556.387, 914
348.299, -222.729, -1311.57, 1857
366.141, -191.826, -831.696, 724
317.311, -300.401, -1588.46, 763
358.111, -229.733, -1307.55, 1857
378, -195.285, -826.273, 724
333.263, -296.771, -1587.42, 763
339.102, -286.657, -1586.24, 763
367.608, -237.285, -1304.31, 1857
390.371, -197.857, -821.581, 724
353.897, -285.033, -1583.31, 763
377.217, -244.641, -1301.26, 1857
402.663, -200.567, -815.252, 724
370.603, -280.097, -1581.82, 763
386.742, -252.144, -1297.21, 1857
414.285, -204.437, -812.39, 724
389.443, -271.465, -1577.65, 763
396.27, -259.64, -1293.9, 1857
426.68, -206.968, -806.601, 724
404.491, -269.401, -1576.28, 763
405.783, -267.164, -1290.15, 1857
439.308, -209.096, -800.591, 724
415.256, -274.756, -1285.81, 1857
420.9, -264.98, -1572.76, 763
450.989, -212.864, -797.769, 724
424.876, -282.093, -1283.74, 1857
437.153, -260.829, -1570.81, 763
463.404, -215.362, -792.19, 724
434.157, -290.017, -1279.38, 1857
450.367, -261.942, -1569.29, 763
476.506, -216.667, -786.149, 724
514.949, -150.082, -1273.58, 2222
443.719, -297.457, -1275.72, 1857
465.62, -259.523, -1565.52, 763
488.551, -219.806, -782.474, 724
452.981, -305.414, -1272.19, 1857
479.364, -259.717, -1564.31, 763
500.932, -222.36, -777.42, 724
538.234, -157.752, -1266.36, 2222
462.621, -312.717, -1268.8, 1857
493.309, -259.563, -1560.81, 763
513.787, -224.095, -771.895, 724
550.554, -160.412, -1262.29, 2222
471.953, -320.553, -1264.88, 1857
506.31, -261.045, -1559.63, 763
526.951, -225.295, -764.626, 724
561.229, -165.922, -1259.25, 2222
481.151, -328.622, -1261.9, 1857
519.488, -262.221, -1556.85, 763
538.519, -229.258, -762.279, 724
572.11, -171.077, -1255.59, 2222
490.382, -336.634, -1257.25, 1857
531.913, -264.699, -1554.77, 763
551.687, -230.45, -756.142, 724
582.802, -176.557, -1251.84, 2222
499.878, -344.186, -1254.88, 1857
544.833, -266.321, -1553.31, 763
564.638, -232.019, -751.797, 724
593.618, -181.824, -1248.38, 2222
509.094, -352.224, -1250.63, 1857
556.702, -269.763, -1550.9, 763
577.465, -233.801, -745.494, 724
604.257, -187.397, -1244.99, 2222
518.403, -360.1, -1247.41, 1857
568.99, -272.481, -1549.01, 763
590.198, -235.747, -741.066, 724
614.991, -192.804, -1241.33, 2222
527.546, -368.264, -1243.23, 1857
581.029, -275.629, -1547.33, 763
603.044, -237.498, -734.601, 724
625.713, -198.233, -1238.71, 2222
536.781, -376.269, -1239.95, 1857
592.623, -279.546, -1544.43, 763
616.644, -237.941, -729.185, 724
636.379, -203.759, -1234.71, 2222
545.839, -384.579, -1235.72, 1857
603.71, -284.344, -1543.53, 763
628.628, -241.184, -725.427, 724
647.19, -209.034, -1230.82, 2222
555.464, -391.908, -1233.21, 1857
615.498, -287.926, -1541.63, 763
642.16, -241.747, -719.441, 724
657.853, -214.566, -1227.61, 2222
564.157, -400.852, -1228.41, 1857
626.357, -293.118, -1538.89, 763
656.293, -241.268, -712.713, 724
668.441, -220.225, -1224.21, 2222
573.709, -408.306, -1225.86, 1857
637.319, -298.131, -1537.89, 763
668.218, -244.613, -709.597, 724
679.113, -225.742, -1220.25, 2222
582.484, -417.108, -1221.36, 1857
647.89, -303.822, -1535.37, 763
682.307, -244.209, -703.056, 724
689.734, -231.346, -1217.44, 2222
591.659, -425.216, -1218.05, 1857
658.348, -309.708, -1533.46, 763
694.845, -246.493, -699.236, 724
700.295, -237.054, -1213.93, 2222
602.622, -436.228, -1212.46, 1857
671.385, -317.127, -1531.75, 763
712.333, -246.202, -691.921, 724
713.605, -244, -1209.8, 2222
616.141, -448.812, -1206.81, 1857
686.259, -327.364, -1527.22, 763
729.38, -252.677, -1204.46, 2222
732.127, -247.919, -683.719, 724
630.562, -459.834, -1203.97, 1857
701.33, -337.262, -1526.41, 763
745.252, -261.185, -1199, 2222
752.319, -248.946, -675.379, 724
643.856, -472.809, -1198.22, 1857
715.067, -349.468, -1521.94, 763
761.136, -269.675, -1193.47, 2222
773.62, -248.05, -666.431, 724
656.844, -486.313, -1191.13, 1857
728.549, -362.116, -1518.98, 763
776.864, -278.432, -1189.86, 2222
794.011, -248.733, -658.977, 724
670.249, -499.095, -1186.18, 1857
742.14, -374.576, -1516.25, 763
792.661, -287.072, -1183.75, 2222
815.275, -247.902, -650.492, 724
683.385, -512.342, -1180.17, 1857
754.177, -389.726, -1513.12, 763
808.441, -295.738, -1178.85, 2222
836.099, -247.835, -642.272, 724
696.513, -525.605, -1174.76, 1857
766.754, -403.942, -1510.57, 763
824.237, -304.38, -1173.24, 2222
856.953, -247.713, -633.446, 724
709.881, -538.449, -1169.69, 1857
778.903, -418.9, -1508.05, 763
839.918, -313.219, -1168.82, 2222
876.365, -250.091, -626.803, 724
723.239, -551.313, -1164.27, 1857
789.534, -436.486, -1504.76, 763
855.443, -322.33, -1162.14, 2222
894.905, -253.979, -618.714, 724
735.774, -565.602, -1158.08, 1857
799.09, -455.936, -1500.42, 763
871.04, -331.315, -1157.12, 2222
749.258, -578.247, -1153.41, 1857
808.796, -475.125, -1497.55, 763
886.748, -340.107, -1152.88, 2222
761.905, -592.342, -1147.16, 1857
818.024, -495.141, -1493.76, 763
902.363, -349.062, -1147.19, 2222
775.171, -605.365, -1142.08, 1857
825.778, -517.711, -1489.39, 763
917.849, -358.239, -1142.7, 2222
787.897, -619.322, -1136.33, 1857
831.473, -543.846, -1485.08, 763
933.426, -367.259, -1136.66, 2222
800.624, -633.279, -1130.89, 1857
834.469, -574.657, -1479.2, 763
840.157, -564.806, -1482.23, 763
948.851, -376.543, -1131.41, 2222
813.324, -647.282, -1125.22, 1857
844.454, -593.363, -1476.92, 763
964.325, -385.739, -1127.38, 2222
826.35, -660.721, -1119.75, 1857
840.776, -635.733, -1469.71, 763
846.1, -626.512, -1471.96, 763
979.75, -395.024, -1120.85, 2222
837.785, -676.913, -1461.43, 763
842.767, -668.285, -1464.85, 763
839.032, -674.755, -1114.79, 1857
995.078, -404.474, -1116.04, 2222
826.292, -732.821, -1450.96, 763
835.513, -716.85, -1455.02, 763
842.26, -705.163, -1457.72, 763
851.378, -689.37, -1108.67, 1857
1012.04, -411.097, -1110.03, 2222
810.128, -796.817, -1440.55, 763
823.401, -773.828, -1444.83, 763
835.444, -752.969, -1449.56, 763
863.926, -703.636, -1103.09, 1857
1026.38, -422.261, -1107.58, 2222
876.314, -718.18, -1097.27, 1857
1041.97, -431.261, -1099.52, 2222
950.903, -624.987, -1092.66, 2222
1056.39, -442.285, -1096.85, 2222
901.367, -746.786, -1086.42, 1857
1001.33, -573.653, -1090.35, 2222
913.732, -761.37, -1080.91, 2222
1087.03, -461.217, -1085.19, 2222
994.018, -658.311, -1074.99, 2222
1102.26, -470.827, -1080.52, 2222
