# format: x, y, z, (trackId)+
413, -70, 767.528, 6365
413, 10.9994, 782.434, 6365
425, -69.1449, 762.008, 5571
425, 14.9995, 783.939, 6365
437, -72.4669, 756.98, 5571
437, 15.3131, 785.524, 6365
449, -75.85, 751.857, 5571
449, 22.2113, 790.452, 6365
461, -79.6761, 746.385, 5571
461, 27.6019, 793.648, 6365
473, -83.9788, 740.779, 5571
473, 31.8915, 796.038, 6365
485, -86.1239, 736.598, 5571
485, 37.9611, 800.774, 6365
497, -90.3656, 730.628, 5571
497, 44.9369, 803.488, 6365
509, -94.3791, 725.821, 5571
509, 48.0327, 806.087, 6365
521, -98.2832, 720.302, 5571
521, 54.8755, 809.901, 6365
533, -102.092, 715.093, 5571
533, 61.6261, 814.013, 6365
545, -105.741, 709.716, 5571
545, 67.7982, 817.339, 6365
557, -109.993, 704.55, 5571
557, 75.8223, 821.106, 6365
569, -114.563, 699.177, 5571
569, 80.2153, 823.087, 6365
581, -118.573, 694.148, 5571
581, 88.799, 827.888, 6365
593, -122.328, 688.88, 5571
593, 96.057, 830.029, 6365
605, -126.777, 683.166, 5571
605, 103.03, 833.847, 6365
617, -130.412, 678.387, 5571
617, 111.575, 838.651, 6365
629, -135.04, 672.493, 5571
629, 120.938, 841.982, 6365
641, -139.436, 667.035, 5571
641, 129.275, 845.991, 6365
653, -144.17, 661.3, 5571
653, 137.141, 848.9, 6365
665, -148.033, 656.478, 5571
665, 144.668, 852.693, 6365
677, -152.487, 650.623, 5571
677, 156.152, 857.464, 6365
689, -156.692, 645.214, 5571
689, 167.283, 860.978, 6365
701, -161.283, 639.655, 5571
701, 172.251, 863.987, 6365
713, -165.622, 634.41, 5571
713, 177.5, 866.9, 6365
725, -170.462, 628.437, 5571
740, -176.055, 621.728, 5571
758, -184.348, 613.201, 5571
776, -191.795, 604.607, 5571
794, -200.013, 596.949, 5571
812, -202.046, 591.268, 5571
830, -207.422, 583.319, 5571
848, -212.5, 575.314, 5571
352.13, 336.092, 456.824, 513
373.218, 323.568, 473.838, 513
361.502, 343.86, 1445.82, 513
393.155, 313.036, 496.491, 513
385.138, 326.921, 1471.06, 513
379.53, 336.634, 1457.98, 513
409.732, 308.323, 512.256, 513
399.867, 325.41, 1482.16, 513
425.687, 304.689, 528.602, 513
419.477, 315.445, 1506.14, 513
439.675, 304.46, 541.403, 513
431.912, 317.907, 1511.64, 513
454.001, 303.647, 556.128, 513
448.072, 313.917, 1529.93, 513
468.03, 303.348, 569.924, 513
462.476, 312.968, 1544.32, 513
480.169, 306.323, 577.759, 513
474.674, 315.841, 1553.27, 513
493.083, 307.956, 592.624, 513
505.049, 311.229, 603.974, 513
516.259, 315.813, 614.602, 513
527.359, 320.587, 625.756, 513
537.994, 326.167, 636.52, 513
547.983, 332.866, 649.496, 513
557.969, 339.569, 658.444, 513
567.113, 347.732, 669.777, 513
575.951, 356.423, 681.656, 513
584.284, 365.991, 695.065, 513
592.061, 376.52, 706.904, 513
599.821, 387.079, 717.49, 513
605.107, 401.924, 733.838, 513
733.78, 209.057, 876.934, 6365
612.422, 419.254, 750.887, 513
747.004, 222.151, 881.755, 6365
621.738, 439.118, 767.135, 513
617.618, 446.255, 778.028, 513
613.366, 453.619, 786.952, 513
760.397, 234.954, 886.238, 6365
627.087, 465.854, 792.199, 513
617.781, 481.971, 813.281, 513
772.654, 249.724, 890.915, 6365
621.984, 510.693, 834.989, 513
612.176, 527.679, 855.15, 513
604.746, 540.55, 871.113, 513
599.876, 548.984, 880.31, 513
587.624, 570.205, 901.979, 513
785.212, 263.973, 896.29, 6365
797.123, 279.342, 901.426, 6365
809.996, 293.046, 905.5, 6365
821.861, 308.495, 909.978, 6365
832.259, 326.485, 916.779, 6365
844.751, 340.849, 920.472, 6365
853.997, 360.834, 927.588, 6365
865.785, 376.416, 931.453, 6365
875.031, 396.401, 938.195, 6365
886.94, 411.775, 941.945, 6365
894.542, 434.608, 948.989, 6365
902.405, 456.988, 955.648, 6365
914.251, 472.471, 959.287, 6365
922.61, 493.993, 965.587, 6365
930.31, 516.655, 971.982, 6365
938.953, 537.686, 978.45, 6365
947.081, 559.607, 984.271, 6365
951.825, 587.391, 991.429, 6365
958.854, 611.216, 998.378, 6365
964.231, 637.903, 1005.86, 6365
968.507, 666.497, 1013.35, 6365
972.937, 694.823, 1021.46, 6365
182.633, 371.448, 295.734, 2459
161.401, 383.706, 1181.48, 4986
162.262, 383.21, 682.349, 3982
151.807, 389.245, 289.4, 4361
182.488, 385.388, 284.73, 2459
167.08, 394.284, 1174.76, 4986
165.94, 394.942, 693.062, 3982
156.974, 400.119, 284.648, 4361
180.894, 400.165, 272.707, 2459
162.384, 410.851, 280.845, 4361
172.998, 404.724, 1169.82, 4986
169.999, 406.455, 704.037, 3982
176.145, 416.763, 258.231, 2459
179.249, 414.971, 1161.98, 4986
174.41, 417.765, 712.19, 3982
167.823, 421.568, 276.615, 4361
327.928, 342.988, 428.467, 513
185.392, 425.281, 1155.55, 4986
181.101, 427.758, 252.912, 2459
178.159, 429.457, 722.866, 3982
173.038, 432.413, 272.305, 2459
171.339, 433.394, 241.373, 2459
319.199, 361.884, 410.504, 513
191.374, 435.684, 1148.25, 4986
181.686, 441.277, 734.611, 3982
178.519, 443.105, 268.573, 2459
171.619, 447.089, 233.592, 2459
342.523, 362.274, 1416.84, 513
333.918, 367.242, 1406.91, 513
308.718, 381.791, 387.59, 513
197.655, 445.914, 1142.94, 4986
185.002, 453.219, 744.817, 3982
183.947, 453.828, 265.113, 4361
163.165, 465.826, 214.48, 2459
320.98, 388.568, 1385.33, 513
298.243, 401.696, 365.647, 513
203.664, 456.301, 1134.19, 4986
189.052, 464.737, 754.2, 3982
189.273, 464.609, 259.954, 4361
158.516, 482.367, 203.207, 2459
152.876, 485.623, 195.589, 2459
308.659, 409.538, 1361.25, 513
291.617, 419.378, 346.844, 513
209.93, 466.54, 1128.51, 4986
195.224, 475.03, 257.153, 4361
192.514, 476.594, 764.409, 3982
150.227, 501.009, 184.441, 2459
301.332, 427.625, 1343.79, 513
284.66, 437.25, 327.782, 513
216.241, 476.752, 1122.72, 4986
200.672, 485.741, 252.268, 4361
196.159, 488.346, 776.815, 3982
150.578, 514.663, 174.765, 2459
299.232, 442.694, 1328.96, 513
283.846, 451.577, 314.549, 513
222.524, 486.981, 1115.02, 4986
206.384, 496.299, 247.962, 4361
200.032, 499.967, 784.261, 3982
293.854, 459.655, 1311.15, 513
282.891, 465.985, 299.678, 513
228.975, 497.113, 1107.96, 4986
212.218, 506.788, 244.365, 4361
203.281, 511.948, 796.788, 3982
293.958, 473.451, 1298.87, 513
283.086, 479.729, 286.553, 513
235.251, 507.346, 1103.18, 4986
218.022, 517.293, 240.24, 4361
206.977, 523.67, 806.329, 3982
293.673, 487.472, 1283.34, 513
284.458, 492.792, 273.429, 513
241.704, 517.477, 1095.47, 4986
223.902, 527.754, 236.49, 4361
210.357, 535.575, 814.589, 3982
295.426, 500.317, 1273.66, 513
287.118, 505.113, 258.979, 513
248.036, 527.678, 1089.04, 4986
229.896, 538.15, 231.943, 4361
212.723, 548.065, 828.153, 3982
297.835, 512.783, 1260.87, 513
289.222, 517.755, 247.713, 513
254.72, 537.675, 1082.36, 4986
235.911, 548.534, 227.675, 4361
215.676, 560.217, 839.882, 3982
301.208, 524.691, 1249.42, 513
293.775, 528.983, 238.06, 513
261.189, 547.796, 1075.57, 4986
241.969, 558.893, 223.186, 4361
219.882, 571.645, 847.049, 3982
305.154, 536.27, 1237.02, 513
298.709, 539.991, 226.251, 513
268.007, 557.716, 1068.97, 4986
248.024, 569.254, 219.607, 4361
223.216, 583.577, 857.61, 3982
309.72, 547.49, 1224.44, 513
303.516, 551.072, 214.15, 513
274.347, 567.913, 1062.06, 4986
254.405, 579.426, 215.456, 4361
225.828, 595.925, 869.274, 3982
315.475, 558.023, 1216.44, 513
310.029, 561.168, 198.991, 513
281.207, 577.808, 1056.01, 4986
260.61, 589.7, 210.685, 4361
229.105, 607.889, 880.207, 3982
321.824, 568.215, 1201.62, 513
317.043, 570.975, 187.186, 513
287.697, 587.918, 1048.93, 4986
266.678, 600.053, 208.47, 4361
231.704, 620.245, 888.199, 3982
328.614, 578.151, 1192.79, 513
324.35, 580.612, 178.699, 513
294.612, 597.782, 1041.48, 4986
273.371, 610.045, 203.533, 4361
234.366, 632.564, 900.139, 3982
337.22, 587.038, 1178.26, 513
333.366, 589.263, 163.642, 513
301.339, 607.754, 1036.81, 4986
279.764, 620.211, 198.621, 4361
238.218, 644.197, 909.185, 3982
345.43, 596.155, 1168.94, 513
343.13, 597.483, 151.972, 513
308.547, 617.449, 1030.34, 4986
286.342, 630.269, 195.059, 4361
240.22, 656.897, 921.085, 3982
356.341, 603.712, 1152.53, 513
353.213, 605.517, 137.652, 513
315.377, 627.362, 1023.77, 4986
292.802, 640.396, 190.973, 4361
242.908, 669.202, 931.864, 3982
364.995, 612.572, 1145.72, 513
363.669, 613.337, 126.118, 513
322.096, 637.339, 1015.78, 4986
299.523, 650.372, 186.551, 4361
245.189, 681.742, 944.113, 3982
378.027, 618.904, 1129.94, 513
376.439, 619.821, 111.437, 513
328.884, 647.277, 1008.71, 4986
305.824, 660.591, 183.574, 4361
248.584, 693.638, 951.472, 3982
394.858, 626.507, 91.2472, 513
395.575, 626.093, 1111.08, 513
337.448, 659.653, 1002.86, 4986
314.288, 673.024, 177.91, 4361
252.044, 708.961, 964.506, 3982
422.382, 631.401, 53.6353, 513
416.883, 634.575, 70.1633, 513
415.006, 635.659, 1092.15, 513
348.677, 673.954, 990.792, 4986
324.572, 687.871, 171.474, 4361
255.252, 727.893, 980.827, 3982
462.701, 628.907, 13.246, 513
454.054, 633.899, 28.4383, 513
446.051, 638.52, 40.931, 513
454.421, 633.688, 1048.75, 513
447.686, 637.576, 1059.91, 513
438.282, 643.005, 1072.18, 513
358.873, 688.852, 980.605, 4986
334.932, 702.675, 165.704, 4361
258.904, 746.569, 996.561, 3982
572.37, 586.374, 986.013, 513
572.37, 586.374, 960.322, 513
572.37, 586.374, 929.861, 513
554.386, 596.757, 945.909, 513
531.047, 610.232, 971.782, 513
514.244, 619.933, 991.246, 513
498.249, 629.168, 1007.59, 513
489.217, 634.382, 1019.24, 513
471.544, 644.586, 1039.88, 513
484.619, 637.037, 2.387, 513
370.301, 703.039, 968.609, 4986
345.369, 717.433, 159.281, 4361
263.58, 764.654, 1010.13, 3982
557.015, 616.024, 951.521, 513
540.326, 625.66, 971.845, 513
525.471, 634.236, 988.034, 513
380.384, 718.002, 963.018, 4986
355.876, 732.152, 153.282, 4361
264.819, 784.724, 1031.99, 3982
391.881, 732.149, 951.402, 4986
366.79, 746.635, 147.244, 4361
269.356, 802.889, 1042.64, 3982
402.662, 746.709, 941.263, 4986
377.797, 761.065, 140.733, 4361
272.231, 822.013, 1060.22, 3982
414.143, 760.865, 930.469, 4986
389.133, 775.305, 133.99, 4361
274.588, 841.437, 1078.48, 3982
425.219, 775.255, 921.028, 4986
400.238, 789.678, 127.967, 4361
278.009, 860.247, 1093.23, 3982
437.024, 789.224, 909.837, 4986
411.779, 803.799, 121.627, 4361
280.092, 879.829, 1110.74, 3982
448.03, 803.654, 901.267, 4986
423.554, 817.786, 114.813, 4361
282.478, 899.236, 1127.34, 3982
460.033, 817.509, 890.029, 4986
434.914, 832.011, 108.941, 4361
284.683, 918.748, 1144.15, 3982
470.994, 831.965, 881.945, 4986
447.041, 845.794, 102.482, 4361
285.257, 939.2, 1164.93, 3982
482.505, 846.104, 871.832, 4986
458.834, 859.771, 96.8199, 4361
282.761, 961.426, 1181.03, 3982
494.944, 859.707, 860.77, 4986
471.184, 873.425, 89.32, 4361
293.53, 975.993, 1187.9, 3982
506.902, 873.587, 849.787, 4986
483, 887.387, 83.6475, 4361
293.518, 996.785, 1209.82, 3982
518.299, 887.792, 842.1, 4986
495.915, 900.715, 77.0363, 4361
294.769, 1016.85, 1225.3, 3982
531.03, 901.226, 829.893, 4986
508.735, 914.098, 70.6502, 4361
296.221, 1036.79, 1244.38, 3982
543.414, 914.861, 818.878, 4986
521.505, 927.51, 64.0134, 4361
297.82, 1056.66, 1259.8, 3982
555.119, 928.888, 810.447, 4986
534.438, 940.828, 57.313, 4361
301.314, 1075.42, 1272.43, 3982
567.696, 942.411, 800.179, 4986
547.908, 953.836, 50.6411, 4361
305.348, 1093.88, 1288.3, 3982
580.226, 955.962, 789.491, 4986
560.473, 967.366, 45.362, 4361
592.848, 969.459, 779.187, 4986
574.455, 980.078, 37.7803, 4361
605.067, 983.189, 770.738, 4986
589.708, 992.056, 29.6225, 4361
618.647, 996.133, 757.619, 4986
599.926, 1006.94, 27.1281, 4361
631.378, 1009.57, 747.787, 4986
616.855, 1017.95, 18.2472, 4361
32.6299, 413, 1408.11, 4332
32.5073, 425, 1410.96, 4332
32.4596, 437, 1411.72, 4332
32.3199, 449, 1413.47, 4332
32.5755, 461, 1416.42, 4332
32.4977, 473, 1417.49, 4332
32.0795, 485, 1419.23, 4332
33.2293, 497, 1423.26, 4332
126.818, 533, 148.166, 2459
33.206, 533, 1426.97, 4332
125.224, 545, 142.931, 2459
33.5606, 545, 1428.2, 4332
117.948, 557, 129.197, 2459
33.6694, 557, 1430.39, 4332
107.415, 569, 115.603, 2459
33.8478, 569, 1432.83, 4332
96.5672, 581, 101.352, 2459
34.1125, 581, 1434.15, 4332
89.191, 593, 90.6394, 2459
34.6488, 593, 1437.09, 4332
74.3941, 605, 74.6833, 2459
34.9824, 605, 1438.73, 4332
62.5909, 617, 59.26, 2459
35.1112, 617, 1439.3, 4332
52.7973, 629, 48.9002, 2459
44.8562, 629, 40.053, 2459
36.0773, 629, 1441.74, 4332
35.7439, 641, 29.3286, 2459
36.2055, 641, 1444.06, 4332
36.4878, 653, 1444.82, 4332
16.4011, 653, 11.1283, 2459
37.2118, 665, 1446.26, 4332
13.4756, 665, 7.5879, 2459
37.7759, 677, 1449.14, 4332
38.8233, 689, 1450.79, 4332
37.5, 701, 1452.98, 4332
39.7854, 713, 1454.8, 4332
40.6635, 725, 1456.13, 4332
41.1632, 740, 1458.17, 4332
42.6403, 758, 1461.08, 4332
44.0417, 776, 1465.02, 4332
45.3059, 794, 1466.66, 4332
65.2294, 812, 1470.26, 4332
47.5, 830, 1472.36, 4332
47.6281, 848, 1474.73, 4332
52.1785, 866, 1478.01, 4332
59.2527, 938, 1488.55, 4332
60.9604, 956, 1492.06, 4332
63.084, 974, 1494, 4332
65.199, 992, 1497.06, 4332
67.4807, 1010, 1499.67, 4332
69.8647, 1028, 1502.31, 4332
72.8738, 1046, 1505.46, 4332
74.617, 1064, 1507.48, 4332
77.2565, 1082, 1510.4, 4332
79.919, 1100, 1513.08, 4332
83.1085, 1118, 1516.02, 4332
85.8604, 1136, 1519.32, 4332
-292.5, 1136, 1623.93, 5974
297.5, 1154, 1342.27, 3982
89.1074, 1154, 1521.73, 4332
-297.5, 1154, 1636.47, 5974
301.671, 1172, 1359.38, 3982
92.0183, 1172, 1525.3, 4332
301.797, 1190, 1369.79, 3982
94.4134, 1190, 1526.85, 4332
-146.224, 392.469, 1030.45, 5974
-203.395, 359.461, 1338.01, 5573
-150.273, 403.988, 1038.75, 5974
-209.42, 369.839, 1350.02, 5573
-153.936, 415.729, 1049.52, 5974
-215.097, 380.418, 1364.84, 5573
-157.864, 427.318, 1058.97, 5974
-220.986, 390.874, 1374.16, 5573
-161.299, 439.191, 1068.4, 5974
-226.793, 401.378, 1387.6, 5573
-165.038, 450.889, 1078.07, 5974
-232.698, 411.825, 1400.57, 5573
-168.152, 462.947, 1090.11, 5974
-238.383, 422.399, 1412.64, 5573
-172.895, 474.065, 1094.71, 5974
-244.208, 432.893, 1424.32, 5573
-175.97, 486.146, 1106.4, 5974
-249.692, 443.583, 1436.8, 5573
-179.08, 498.207, 1118.31, 5974
-255.417, 454.134, 1448.56, 5573
-183.319, 509.616, 1124.65, 5974
-261.069, 464.727, 1458.52, 5573
-157.752, 538.234, 1252.75, 4837
-186.386, 521.702, 1135.86, 5974
-266.206, 475.618, 1474.39, 5573
-159.456, 551.107, 1251.98, 4837
-189.283, 533.885, 1147.08, 5974
-271.57, 486.377, 1485.84, 5573
-165.422, 561.518, 1250.06, 4837
-193.433, 545.346, 1154.13, 5974
-276.674, 497.287, 1498.62, 5573
-167.091, 574.411, 1248.82, 4837
-196.027, 557.705, 1166.44, 5974
-282.018, 508.058, 1510.61, 5573
-170.158, 586.497, 1246.58, 4837
-200.008, 569.263, 1174.69, 5974
-287.25, 518.894, 1524.51, 5573
-175.247, 597.415, 1244.52, 4837
-203.107, 581.33, 1184.61, 5974
-292.881, 529.499, 1535.45, 5573
-427.313, 451.885, 1416.93, 2459
-179.487, 608.824, 1242.16, 4837
-206.234, 593.381, 1195.18, 5974
-297.94, 540.434, 1546.69, 5573
-420.091, 469.91, 1434.43, 2459
-184.936, 619.534, 1241.26, 4837
-209.637, 605.273, 1203.66, 5974
-302.81, 551.479, 1560.7, 5573
-406.767, 491.46, 1460.93, 2459
-189.554, 630.724, 1238.74, 4837
-212.026, 617.75, 1215.74, 5974
-308.143, 562.256, 1571.47, 5573
-389.717, 515.16, 1487.94, 2459
-194.906, 641.49, 1236.53, 4837
-218.246, 628.015, 1223.25, 5974
-312.893, 573.37, 1584.31, 5573
-357.077, 547.861, 1537.28, 2459
-373.046, 538.641, 1516.78, 2459
-200.005, 652.403, 1235.88, 4837
-218.281, 641.851, 1234.16, 5974
-292.897, 598.772, 1619.21, 2459
-315.515, 585.713, 1594.44, 2459
-331.409, 576.537, 1574.82, 2459
-337.706, 572.901, 1562.98, 2459
-354.212, 563.371, 1546.98, 2459
-205.211, 663.254, 1233.79, 4837
-221.474, 653.864, 1243.2, 5974
-322.718, 595.411, 1611.17, 5573
-225.422, 665.442, 1250.79, 5974
-328.084, 606.169, 1620.68, 5573
-215.982, 684.748, 1230.78, 4837
-332.629, 617.401, 1632.2, 5573
-221.496, 695.421, 1229.36, 4837
-337.014, 628.726, 1636.95, 5573
-227.92, 705.568, 1226.65, 4837
-232.757, 702.775, 1283.47, 5974
-236.233, 718.089, 1295.25, 5974
-235.198, 718.687, 1226.17, 4837
-240.273, 736.541, 1310.35, 5974
-243.563, 734.642, 1222.42, 4837
-244.327, 754.985, 1324.34, 5974
-252.268, 750.401, 1220.29, 4837
-246.838, 774.321, 1343.44, 5974
-261.836, 765.661, 1217.11, 4837
-252.732, 791.702, 1351.36, 5974
-270.942, 781.188, 1214.51, 4837
-255.082, 811.13, 1369.77, 5974
-280.308, 796.566, 1212.12, 4837
-257.147, 830.722, 1389.47, 5974
-289.973, 811.77, 1209.47, 4837
-263.756, 847.691, 1395.35, 5974
-299.615, 826.988, 1207.29, 4837
-264.748, 867.903, 1414.17, 5974
-310.576, 841.444, 1203.94, 4837
-267.739, 886.961, 1432.08, 5974
-320.576, 856.455, 1201.99, 4837
-273.167, 904.611, 1439.71, 5974
-330.587, 871.46, 1199, 4837
-273.387, 925.269, 1461.69, 5974
-341.72, 885.817, 1196.38, 4837
-277.212, 943.846, 1474.09, 5974
-352.334, 900.474, 1194.14, 4837
-279.887, 963.086, 1489.99, 5974
-363.887, 914.588, 1191.45, 4837
-282.368, 982.437, 1505.69, 5974
-374.428, 929.287, 1188.78, 4837
-284.425, 1002.03, 1521.36, 5974
-386.163, 943.296, 1185.82, 4837
-287.17, 1021.23, 1538.94, 5974
-397.839, 957.339, 1183.48, 4837
-291.677, 1039.42, 1548.5, 5974
-410.022, 971.09, 1180.52, 4837
-296.008, 1057.7, 1560.32, 5974
-421.897, 985.019, 1177.88, 4837
-300.678, 1075.79, 1575.98, 5974
-434.257, 998.668, 1175.56, 4837
-446.241, 1012.53, 1173.2, 4837
-459.895, 1025.43, 1169.01, 4837
-472.477, 1038.96, 1167.51, 4837
-485.243, 1052.37, 1164.6, 4837
-499.126, 1065.14, 1161.89, 4837
-511.591, 1078.73, 1159.2, 4837
-331.344, 252.095, 29.9721, 4054
-370.662, 183.995, 1216.28, 6622
-397.139, 138.135, 1423, 5317
-395.887, 140.304, 1086.62, 2459
-316.811, 301.268, 1590.09, 5492
-340.702, 259.887, 17.8114, 4054
-380.914, 190.237, 1214.22, 6622
-403.611, 150.926, 1100.12, 2459
-408.22, 142.942, 1433.19, 5317
-327.203, 307.268, 1593, 5492
-349.818, 268.098, 5.82534, 4054
-391.142, 196.523, 1212.71, 6622
-411.206, 161.771, 1111.71, 2459
-419.409, 147.562, 1446.82, 5317
-335.598, 316.727, 1595.78, 5492
-359.784, 274.835, 2.74586, 4054
-401.384, 202.783, 1211.36, 6622
-418.37, 173.361, 1125.34, 2459
-430.315, 152.673, 1452.7, 5317
-346.08, 322.571, 1598.36, 5492
-411.562, 209.153, 1209.73, 6622
-424.312, 187.069, 1140.92, 2459
-441.403, 157.467, 1464.6, 5317
-356.591, 328.366, 1599.39, 5492
-421.721, 215.557, 1208.45, 6622
-430.445, 200.447, 1155.29, 2459
-452.432, 162.366, 1476.81, 5317
-367.281, 333.851, 1603.69, 5492
-431.799, 222.102, 1207.05, 2459
-431.272, 223.014, 1180.72, 2459
-436.769, 213.493, 1169.49, 2459
-463.312, 167.52, 1487.46, 5317
-377.862, 339.523, 1604.54, 5492
-441.765, 228.841, 1205.13, 2459
-442.936, 226.812, 1182.92, 2459
-474.179, 172.699, 1496.93, 5317
-388.917, 344.375, 1609.12, 5492
-454.118, 231.444, 1203.3, 2459
-485.104, 177.776, 1507.92, 5317
-399.5, 350.045, 1609.88, 5492
-449.91, 262.733, 1222.02, 2459
-462.985, 240.086, 1202.32, 6622
-495.934, 183.016, 1517.73, 5317
-410.216, 355.485, 1614.44, 5492
-456.407, 275.479, 1234.84, 2459
-471.75, 248.906, 1201.25, 6622
-506.568, 188.599, 1528.83, 5317
-421.132, 360.578, 1615.21, 5492
-454.052, 303.558, 1264, 2459
-457.804, 297.06, 1254.85, 2459
-481.628, 255.796, 1199.07, 6622
-517.405, 193.828, 1540.24, 5317
-431.781, 366.133, 1619.36, 5492
-454.2, 327.302, 1288.74, 2459
-460.032, 317.202, 1275.13, 2459
-491.53, 262.645, 1197.47, 6622
-527.875, 199.693, 1550, 5317
-442.845, 370.969, 1620.44, 5492
-452.404, 354.413, 1316.14, 2459
-457.385, 345.785, 1303.69, 2459
-501.262, 269.79, 1196.45, 6622
-538.583, 205.147, 1560.59, 5317
-449.956, 382.654, 1342.99, 2459
-453.933, 375.764, 1623.92, 5492
-511.097, 276.754, 1194.84, 6622
-549.185, 210.783, 1574.25, 5317
-446.275, 413.029, 1371.21, 2459
-465.077, 380.462, 1625.97, 5492
-520.881, 283.808, 1193.09, 6622
-559.731, 216.517, 1580.36, 5317
-475.753, 385.971, 1628.37, 5492
-570.265, 222.272, 1591.54, 5317
-487.073, 390.365, 1631.43, 5492
-540.218, 298.314, 1190.19, 6622
-580.777, 228.065, 1603.53, 5317
-498.186, 395.116, 1632.65, 5492
-550.469, 304.56, 1187.42, 6622
-591.172, 234.061, 1613.93, 5317
-509.278, 399.905, 1636.7, 5492
-601.529, 240.122, 1625.28, 5317
-520.438, 404.574, 1636.95, 5492
-569.154, 320.196, 1185.37, 6622
-611.883, 246.187, 1635.22, 5317
-540.711, 393.461, 1191.47, 6622
-578.427, 328.135, 1183.44, 6622
-588.209, 335.193, 1181.99, 6622
-597.476, 343.141, 1180.54, 6622
-606.893, 350.831, 1178.84, 6622
-616.383, 358.393, 1177.49, 6622
-625.611, 366.411, 1175.56, 6622
-719.118, 204.45, 709.5, 5392
-636.996, 376.691, 1173.49, 6622
-734.609, 207.62, 709.099, 5392
-651.149, 388.177, 1170.94, 6622
-752.697, 212.29, 715.209, 5392
-664.498, 401.055, 1168.34, 6622
-770.786, 216.96, 719.592, 5392
-678.811, 412.265, 1166.82, 6622
-788.616, 222.077, 722.67, 5392
-692.425, 424.685, 1164.72, 6622
-804.463, 230.63, 726.743, 5392
-705.656, 437.768, 1162.11, 6622
-822.026, 236.209, 731.426, 5392
-718.952, 450.739, 1159.64, 6622
-839.282, 242.322, 735.834, 5392
-732.2, 463.793, 1157.34, 6622
-856.172, 249.067, 739.761, 5392
-745.56, 476.652, 1155, 6622
-872.533, 256.728, 743.083, 5392
-758.323, 490.546, 1152.37, 6622
-889.145, 263.956, 747.322, 5392
-771.638, 503.484, 1150.28, 6622
-905.432, 271.745, 749.889, 5392
-784.41, 517.361, 1147.78, 6622
-922.226, 278.658, 755.349, 5392
-797.476, 530.732, 1145.5, 6622
-938.29, 286.833, 759.069, 5392
-809.906, 545.202, 1143.07, 6622
-954.546, 294.679, 763.229, 5392
-822.65, 559.128, 1140.87, 6622
-970.684, 302.726, 766.287, 5392
-834.855, 573.989, 1138.2, 6622
-986.972, 310.515, 770.113, 5392
-847.63, 587.862, 1136.39, 6622
-1002.78, 319.134, 773.678, 5392
-859.737, 602.892, 1134.12, 6622
-1019.02, 327.003, 777.89, 5392
-871.895, 617.833, 1131.47, 6622
-1034.92, 335.465, 780.684, 5392
-883.963, 632.932, 1129.03, 6622
-1050.99, 343.635, 785.426, 5392
-895.771, 648.48, 1126.68, 6622
-1066.84, 352.175, 790.715, 5392
-907.646, 663.911, 1124.34, 6622
-1082.45, 361.134, 792.914, 5392
-920.367, 677.877, 1122.49, 6622
-1098.26, 369.754, 798.11, 5392
-931.219, 695.081, 1119.57, 6622
-1113.98, 378.534, 802.134, 5392
-942.969, 710.73, 1117.3, 6622
-1129.74, 387.238, 804.441, 5392
-954.585, 726.61, 1114.79, 6622
-1145.22, 396.415, 809.226, 5392
-413, 97.1811, 636.234, 5392
-425, 101.484, 638.52, 5392
-437, 102.5, 642.964, 5392
-449, 106.266, 645.89, 5392
-461, 111.479, 648.526, 5392
-473, 112.23, 651.609, 5392
-485, 116.52, 652.924, 5392
-497, 117.5, 654.407, 5392
-509, 122.5, 660.263, 5392
-521, 127.008, 662.245, 5392
-533, 127.5, 663.041, 5392
-545, 132.414, 667.19, 5392
-545, 18.5365, 7.03837, 2714
-557, 136.855, 670.356, 5392
-557, 19.6193, 10.8918, 2714
-569, 137.5, 672.55, 5392
-569, 20.6665, 23.4215, 2714
-581, 142.5, 675.347, 5392
-581, 22.96, 34.3307, 2714
-593, 147.5, 679.169, 5392
-593, 24.752, 44.378, 2714
-605, 147.5, 682.548, 5392
-605, 26.9923, 57.5629, 2714
-617, 152.5, 682.131, 5392
-617, 28.9934, 66.3769, 2714
-629, 157.5, 686.372, 5392
-629, 31.0598, 77.8898, 2714
-641, 33.2681, 89.0202, 2714
-653, 35.4378, 100.525, 2714
-665, 37.6576, 110.627, 2714
-677, 40.3643, 122.443, 2714
-689, 42.5283, 134.467, 2714
-701, 44.8484, 143.649, 2714
-713, 47.3116, 155.549, 2714
-725, 49.9919, 166.937, 2714
-740, 53.3152, 179.979, 2714
-758, 58.0525, 198.185, 2714
-776, 61.4306, 211.385, 2714
-794, 66.286, 230.042, 2714
-812, 71.1942, 246.324, 2714
-830, 76.1079, 262.86, 2714
-848, 81.65, 280.471, 2714
-866, 87.4616, 298.11, 2714
-884, 93.4943, 314.802, 2714
-902, 98.9957, 331.515, 2714
-920, 104.752, 348.482, 2714
-938, 110.759, 364.709, 2714
-956, 117.729, 382.904, 2714
-974, 124.637, 400.493, 2714
-992, 130.929, 417.424, 2714
-1010, 137.843, 433.513, 2714
-1028, 145.289, 451.263, 2714
-1046, 153.184, 469.716, 2714
-1064, 160.483, 485.878, 2714
-1082, 169.688, 505.443, 2714
-1100, 177.391, 522.299, 2714
-1118, 184.532, 536.786, 2714
-1136, 231.927, 10.4294, 1488
-1136, 194.518, 556.682, 2714
-1154, 227.043, 23.0639, 1488
-1154, 204.209, 574.742, 2714
-1172, 217.002, 46.0861, 1488
-1172, 212.749, 592.059, 2714
-1190, 221.959, 609.847, 2714
-1190, 206.315, 74.9401, 1488
-403.439, -127.223, 1368.2, 4765
-314.02, -282.101, 25.2063, 4357
-413.408, -133.956, 1365.1, 4765
-323.616, -289.481, 9.89915, 4357
-423.159, -141.067, 1362.06, 4765
-333.764, -295.903, 3.7521, 4357
-432.869, -148.248, 1356.05, 4765
-344.574, -301.181, 3.34742, 4357
-442.407, -155.728, 1352.11, 4765
-452.196, -162.774, 1348.76, 4765
-461.567, -170.542, 1343.62, 4765
-471.379, -177.548, 1340.34, 4765
-480.572, -185.624, 1334.86, 4765
-490.134, -193.063, 1331.22, 4765
-499.374, -201.058, 1326.94, 4765
-508.608, -209.065, 1322.73, 4765
-517.526, -217.618, 1317.12, 4765
-526.721, -225.692, 1312.81, 4765
-536.205, -233.266, 1310.69, 4765
-544.646, -242.645, 1304.62, 4765
-553.939, -250.55, 1301.2, 4765
-562.81, -259.185, 1296.99, 4765
-571.477, -268.172, 1291.52, 4765
-580.466, -276.603, 1288.19, 4765
-588.634, -286.455, 1283.15, 4765
-597.725, -294.71, 1279.4, 4765
-606.27, -303.909, 1274.89, 4765
-614.628, -313.433, 1271.28, 4765
-622.935, -323.046, 1265.22, 4765
-631.519, -332.177, 1262.02, 4765
-639.768, -341.889, 1256.46, 4765
-649.297, -355.384, 1249.97, 4765
-663.041, -367.58, 1246.26, 4765
-674.777, -383.253, 1238.36, 4765
-686.068, -399.695, 1231.04, 4765
-697.624, -415.679, 1223.75, 4765
-708.329, -433.138, 1216.91, 4765
-720.935, -447.305, 1211.12, 4765
-731.706, -464.648, 1203.43, 4765
-742.636, -481.717, 1195.41, 4765
-753.772, -498.429, 1189.5, 4765
-763.69, -517.249, 1181.83, 4765
-773.614, -536.061, 1174.07, 4765
-785.887, -550.804, 1168.03, 4765
-794.119, -572.546, 1159.3, 4765
-803.497, -592.303, 1151.39, 4765
-813.306, -611.313, 1144.6, 4765
-822.88, -630.73, 1136.9, 4765
-832.018, -650.903, 1128.77, 4765
-838.813, -675.133, 1119.61, 4765
-852.088, -688.14, 1115.78, 4765
-848.205, -694.865, 1111.89, 4765
-856.787, -716.001, 1105.11, 4765
-864.417, -738.786, 1095.78, 4765
-874.545, -757.243, 1090.28, 4765
-870.651, -763.988, 1086.27, 4765
-881.037, -782, 1079.98, 4765
-888.756, -804.629, 1073.1, 4765
-884.301, -812.345, 1068.03, 4765
-894.733, -830.277, 1063.61, 4765
-245.146, -335.356, 1581.63, 3824
-206.869, -357.456, 1142.76, 6655
-188.541, -368.037, 1490.28, 5046
-147.073, -391.979, 960.421, 4590
-145.187, -393.067, 1537.05, 6390
-254.018, -344.09, 1585.32, 3824
-212.965, -367.792, 1139.03, 6655
-194.136, -378.663, 1501.04, 5046
-150.615, -403.79, 1540.59, 6390
-148.792, -404.842, 963.438, 4590
-263.141, -352.68, 1588.32, 3824
-219.066, -378.126, 1131.98, 6655
-199.941, -389.168, 1510.48, 5046
-156.484, -414.258, 1547.12, 6390
-149.211, -418.457, 966.415, 4590
-272.871, -360.918, 1593.13, 3824
-225.105, -388.496, 1127.38, 6655
-205.579, -399.77, 1518.9, 5046
-162.317, -424.747, 1550.39, 6390
-150.371, -431.644, 969.526, 4590
-282.542, -369.191, 1598.08, 3824
-231.385, -398.727, 1121.31, 6655
-211.572, -410.166, 1529.74, 5046
-167.937, -435.359, 1555.31, 6390
-148.03, -446.852, 973.455, 4590
-293.494, -376.724, 1603.69, 3824
-237.515, -409.044, 1114.96, 6655
-216.936, -420.925, 1538.79, 5046
-174.217, -445.589, 1559.84, 6390
-149.617, -459.792, 976.294, 4590
-301.205, -386.129, 1604.8, 3824
-242.988, -419.741, 1109.79, 6655
-222.46, -431.593, 1547.17, 5046
-179.463, -456.417, 1565, 6390
-311.69, -393.932, 1610.18, 3824
-248.786, -430.249, 1103.23, 6655
-228.477, -441.975, 1556.8, 5046
-185.841, -466.591, 1570.25, 6390
-321.279, -402.252, 1614.69, 3824
-254.766, -440.653, 1097.89, 6655
-233.986, -452.651, 1567.13, 5046
-180.764, -483.379, 1051.39, 4590
-192.316, -476.709, 1574.82, 6390
-331.826, -410.019, 1619.75, 3824
-259.975, -451.502, 1091.29, 6655
-198.294, -487.114, 1578.64, 6390
-341.848, -418.09, 1624.79, 3824
-265.895, -461.941, 1085.63, 6655
-247.014, -472.842, 1573.42, 6390
-204.822, -497.201, 1584.01, 6390
-351.347, -426.461, 1627.45, 3824
-271.175, -472.749, 1080.9, 6655
-253.014, -483.234, 1590.16, 6390
-211.121, -507.421, 1587.81, 6390
-361.29, -434.577, 1631.71, 3824
-276.872, -483.316, 1073.68, 6655
-245.512, -501.422, 1617.76, 6390
-281.665, -494.405, 1067.69, 6655
-266.611, -503.096, 1630.81, 6390
-286.705, -505.352, 1061.16, 6655
-265.997, -517.307, 1625.67, 5046
-231.452, -537.252, 1601.93, 6390
-292.405, -515.917, 1058.38, 6655
-271.722, -527.859, 1629.86, 5046
-238.318, -547.145, 1606.55, 6390
-297.563, -526.796, 1050.23, 6655
-277.772, -538.222, 1636.94, 5046
-244.9, -557.201, 1610.63, 6390
-302.093, -538.037, 1043.61, 6655
-252.72, -566.542, 1616.56, 6390
-306.735, -549.213, 1038.7, 6655
-259.278, -576.613, 1620.56, 6390
-312.336, -559.836, 1035.64, 6655
-267.157, -585.92, 1625.49, 6390
-316.54, -571.265, 1026.73, 6655
-274.103, -595.766, 1630.84, 6390
-321.176, -582.445, 1021.14, 6655
-281.802, -605.177, 1634.28, 6390
-325.484, -593.814, 1016.55, 6655
-288.8, -614.994, 1637.36, 6390
-330.167, -604.966, 1009.94, 6655
-334.013, -616.603, 1002.7, 6655
-338.728, -627.737, 998.126, 6655
-342.799, -639.243, 992.388, 6655
-347.95, -653.589, 983.934, 6655
-353.897, -670.941, 976.451, 6655
-360.004, -688.199, 968.168, 6655
-365.712, -705.688, 958.704, 6655
-371.222, -723.292, 950.889, 6655
-375.317, -741.712, 938.375, 6655
-380.156, -759.703, 930.392, 6655
-386.376, -776.897, 924.345, 6655
-389.643, -795.795, 912.63, 6655
-395.183, -813.381, 905.109, 6655
-399.477, -831.686, 895.541, 6655
-402.385, -850.792, 885.646, 6655
-406.861, -868.992, 878.494, 6655
-409.288, -888.376, 867.042, 6655
-412.963, -907.039, 857.906, 6655
-415.961, -926.093, 848.534, 6655
-418.839, -945.216, 839.101, 6655
-422.608, -963.824, 830.331, 6655
-424.617, -983.449, 821.002, 6655
-426.279, -1003.27, 811.666, 6655
-427.856, -1023.15, 800.921, 6655
-94.7853, -413, 718.618, 4590
-54.8468, -413, 701.645, 4590
-24.6308, -413, 753.472, 4590
0.473957, -413, 711.474, 4590
24.5486, -413, 1047.1, 6363
54.4999, -413, 610.701, 4590
85.9718, -413, 613.627, 4590
95.1219, -413, 614.412, 4590
-90.3481, -425, 720.916, 4590
-49.3217, -425, 701.821, 4590
-15.6583, -425, 753.872, 4590
11.1379, -425, 713.958, 4590
24.6053, -425, 1057.22, 6363
-86.3682, -437, 721.69, 4590
-43.0282, -437, 700.724, 4590
-5.56589, -437, 753.069, 4590
0.192194, -437, 752.872, 4590
30.2265, -437, 716.599, 4590
24.4095, -437, 1067.45, 6363
-80.106, -449, 724.97, 4590
-34.7918, -449, 699.698, 4590
8.60037, -449, 752.987, 4590
24.6091, -449, 1079.62, 6363
47.5973, -449, 718.178, 4590
60.9044, -449, 720.511, 4590
78.9629, -449, 722.624, 4590
92.6483, -449, 724.705, 4590
106.215, -449, 725.509, 4590
-72.6751, -461, 726.555, 4590
-27.8455, -461, 699.303, 4590
24.5061, -461, 1085.31, 6363
26.2123, -461, 752.29, 4590
39.2412, -461, 752.016, 4590
67.1251, -461, 720.731, 4590
93.7744, -461, 723.797, 4590
115, -461, 726.355, 4590
-63.8525, -473, 729.87, 4590
-15.6937, -473, 698.258, 4590
23.3843, -473, 1098.13, 6363
47.8771, -473, 751.955, 4590
58.5232, -473, 751.901, 4590
65, -473, 751.862, 4590
92.2438, -473, 751.844, 4590
111.782, -473, 752.024, 4590
-53.2095, -485, 732.46, 4590
1.18452, -485, 697.276, 4590
22.7123, -485, 1106.47, 6363
79.3736, -485, 753.101, 4590
92.1746, -485, 752.302, 4590
101.763, -485, 752.019, 4590
115, -485, 751.546, 4590
-44.384, -497, 734.183, 4590
9.72656, -497, 697.238, 4590
22.6357, -497, 696, 4590
21.7006, -497, 1117.33, 6363
-94.4848, -509, 804.311, 4590
-27.8209, -509, 738.678, 4590
20.2418, -509, 1129.88, 6363
29.9937, -509, 695.127, 4590
43.6241, -509, 694.636, 4590
50.3133, -509, 694.522, 4590
-16.4304, -521, 740.005, 4590
-8.14816, -521, 741.685, 4590
19.9953, -521, 1134.64, 6363
57.4168, -521, 694.001, 4590
65.0211, -521, 693.472, 4590
86.507, -521, 693.164, 4590
93.445, -521, 691.816, 4590
112.758, -521, 690.939, 4590
126.217, -521, 691.503, 4590
-127.5, -533, 993.824, 4590
6.07265, -533, 743.834, 4590
26.5145, -533, 749.061, 4590
18.6246, -533, 1147.33, 6363
88.801, -533, 692.835, 4590
107.309, -533, 692.812, 4590
-128.405, -545, 996.883, 4590
16.9193, -545, 1156.44, 6363
29.1933, -545, 748.423, 4590
54.9137, -545, 750.759, 4590
60.3309, -545, 753.595, 4590
97.3817, -545, 757.972, 4590
114.514, -545, 760.97, 4590
135, -545, 763.932, 4590
-123.585, -557, 1000.87, 4590
15.4329, -557, 1166.01, 6363
69.1767, -557, 754.068, 4590
81.1143, -557, 756.061, 4590
97.5335, -557, 758.389, 4590
123.991, -557, 762.286, 4590
-118.823, -569, 1003.22, 4590
13.6785, -569, 1176.79, 6363
-112.653, -581, 1005.79, 4590
11.6723, -581, 1186.49, 6363
-106.091, -593, 1009.53, 4590
9.79578, -593, 1197.3, 6363
-99.4306, -605, 1012.07, 4590
7.21512, -605, 1206.35, 6363
-89.5267, -617, 1016.23, 4590
4.7274, -617, 1216.76, 6363
-83.2058, -629, 1019.31, 4590
2.17212, -629, 1226.59, 6363
-71.3267, -641, 1023.43, 4590
-0.743227, -641, 1237.52, 6363
-59.8594, -653, 1027.19, 4590
-3.8598, -653, 1247.88, 6363
-49.7389, -665, 1031.14, 4590
-6.42617, -665, 1256.79, 6363
-36.177, -677, 1035.02, 4590
-10.1828, -677, 1268.54, 6363
-19.419, -689, 1040.12, 4590
-13.8839, -689, 1279.02, 6363
-15.9872, -701, 1286.85, 6363
-9.90452, -701, 1043.34, 4590
-21.1928, -713, 1300.33, 6363
22.2666, -713, 1050.23, 4590
-24.4627, -725, 1308.12, 6363
27.8077, -725, 1052.49, 4590
40.6417, -725, 1054.86, 4590
-29.8127, -740, 1322.43, 6363
74.7473, -740, 1062.54, 4590
82.9571, -740, 1066.93, 4590
-36.3372, -758, 1338.99, 6363
125.926, -758, 1072.55, 4590
141.251, -758, 1078.82, 4590
159.722, -758, 1083.72, 4590
186.52, -758, 1088.38, 4590
-43.352, -776, 1354.77, 6363
-50.5318, -794, 1371.67, 6363
-56.5641, -812, 1385, 6363
-66.1397, -830, 1403.7, 6363
-74.8692, -848, 1419.4, 6363
-83.8748, -866, 1435.79, 6363
-93.0111, -884, 1451.01, 6363
-103.377, -902, 1468.06, 6363
-113.982, -920, 1485.19, 6363
-126.32, -938, 1504.18, 6363
-138.55, -956, 1521.4, 6363
-151.745, -974, 1539.77, 6363
-165.567, -992, 1558.3, 6363
-178.466, -1010, 1576.65, 6363
-193.823, -1028, 1595.1, 6363
-209.671, -1046, 1614.7, 6363
-224.16, -1064, 1631.25, 6363
127.063, -403.532, 1404.72, 5110
129.154, -402.324, 618.71, 4590
148.008, -391.439, 621.465, 4590
168.895, -379.38, 356.283, 4805
172.153, -377.498, 1421.38, 5536
219.265, -350.299, 745.562, 4590
251.267, -331.822, 744.896, 4590
254.944, -329.699, 1031.25, 5574
285.017, -312.337, 602.848, 6012
290.849, -308.969, 817.29, 4590
288.968, -310.055, 680.71, 4590
131.762, -414.675, 1414.94, 5110
172.17, -391.345, 342.2, 4805
179.89, -386.888, 1423.78, 5536
212.997, -367.774, 743.174, 4590
251.269, -345.678, 745.467, 4590
263.214, -338.781, 1035.6, 5574
289.973, -323.332, 681.132, 4590
291.891, -322.225, 600.108, 6012
294.902, -320.486, 815.012, 4590
135.725, -426.243, 1425.3, 5110
174.932, -403.607, 326.016, 4805
187.645, -396.267, 1427.07, 5536
208.422, -384.271, 740.695, 4590
215.381, -380.254, 742.018, 4590
248.338, -361.226, 745.796, 4590
270.865, -348.22, 1038.6, 5574
292.74, -335.59, 681.57, 4590
295.828, -333.808, 813.071, 4590
298.638, -332.185, 597.344, 6012
131.468, -442.557, 730.181, 4590
170.353, -420.107, 735.508, 4590
189.223, -409.212, 737.93, 4590
203.622, -400.9, 739.452, 4590
177.813, -415.8, 310.661, 4805
195.17, -405.779, 1428.8, 5536
240.542, -379.584, 746.031, 4590
278.412, -357.719, 1040.61, 5574
291.243, -350.311, 682.141, 4590
297.076, -346.943, 809.91, 4590
305.117, -342.301, 595.119, 6012
134.563, -454.627, 728.848, 4590
154.378, -443.187, 731.171, 4590
174.863, -431.36, 733.735, 4590
187.712, -423.941, 735.3, 4590
146.759, -447.585, 1443.58, 5110
180.572, -428.064, 293.535, 4805
203.954, -414.564, 1433.12, 5536
237.954, -394.934, 746.912, 4590
287.111, -366.554, 1046.33, 5574
291.325, -364.12, 681.907, 4590
297.089, -360.792, 808.018, 4590
311.32, -352.576, 592.849, 6012
139.587, -465.582, 752.318, 4590
182.67, -440.709, 273.245, 4805
213.621, -422.839, 748.214, 4590
225.809, -415.803, 747.334, 4590
212.208, -423.655, 1435.47, 5536
285.733, -381.206, 683.985, 4590
295.614, -375.501, 1049.23, 5574
296.309, -375.099, 805.119, 4590
317.984, -362.585, 590.122, 6012
141.085, -478.574, 750.228, 4590
165.938, -464.225, 749.794, 4590
174.063, -459.534, 749.577, 4590
183.791, -453.918, 749.832, 4590
195.749, -447.014, 748.912, 4590
221.149, -432.349, 748.951, 4590
155.025, -470.526, 1464.63, 5110
186.45, -452.383, 263.618, 4805
220.744, -432.583, 1438.63, 5536
285.428, -395.238, 684.557, 4590
289.341, -392.979, 802.632, 4590
303.758, -384.655, 1052.64, 5574
324.259, -372.819, 587.939, 6012
160.461, -481.244, 1472.24, 5110
187.825, -465.445, 243.68, 4805
230.136, -441.017, 1442.15, 5536
275.538, -414.804, 685.516, 4590
290.933, -405.916, 800.118, 4590
312.081, -393.706, 1057.57, 5574
330.932, -382.822, 585.033, 6012
165, -492.48, 1482.04, 5110
191.354, -477.265, 229.321, 4805
238.965, -449.776, 1445.13, 5536
264.737, -434.896, 685.618, 4590
272.738, -430.277, 685.302, 4590
283.373, -424.137, 796.148, 4590
320.314, -402.809, 1060.25, 5574
337.137, -393.096, 582.937, 6012
147.917, -516.199, 689.785, 4590
169.588, -503.687, 1495.42, 5110
191.438, -491.072, 203.361, 4805
243.405, -461.069, 686.823, 4590
260.031, -451.47, 686.318, 4590
248.506, -458.124, 1448.19, 5536
277.589, -441.333, 793.611, 4590
328.617, -411.872, 1064.01, 5574
343.418, -403.327, 580.069, 6012
174.356, -514.791, 689.732, 4590
190.057, -505.726, 689.219, 4590
207.833, -495.463, 688.498, 4590
217.235, -490.035, 687.696, 4590
239.896, -476.952, 687.765, 4590
174.645, -514.624, 1502.2, 5110
197.016, -501.708, 199.913, 4805
259, -465.922, 789.193, 4590
258.458, -466.234, 1450.65, 5536
336.684, -421.071, 1066.15, 5574
350.024, -413.369, 577.766, 6012
162.283, -535.618, 769.486, 4590
185.432, -522.252, 773.832, 4590
212.838, -506.43, 779.112, 4590
220.79, -501.839, 780.696, 4590
239.739, -490.898, 784.562, 4590
253.372, -483.027, 787.884, 4590
179.715, -525.553, 1514, 5110
197.925, -515.04, 179.628, 4805
268.151, -474.495, 1454.69, 5536
346.438, -429.296, 1071.03, 5574
355.807, -423.887, 574.886, 6012
170.153, -544.931, 769.701, 4590
174.86, -542.213, 770.602, 4590
192.418, -532.076, 774.419, 4590
208.453, -522.818, 778.098, 4590
217.129, -517.809, 779.274, 4590
224.333, -513.649, 780.327, 4590
184.62, -536.578, 1523.92, 5110
199.465, -528.007, 158.377, 4805
278.624, -482.305, 1456.6, 5536
354.509, -438.493, 1074.08, 5574
361.835, -434.262, 572.884, 6012
189.776, -547.458, 1532.11, 5110
203.083, -539.774, 151.039, 4805
288.597, -490.403, 1459.96, 5536
363.269, -447.291, 1076.82, 5574
367.977, -444.573, 570.147, 6012
194.794, -558.417, 1539.84, 5110
204.514, -552.805, 132.666, 4805
299.595, -497.91, 1462.25, 5536
372.906, -455.583, 1080.7, 5574
373.891, -455.015, 567.498, 6012
199.888, -569.332, 1555.12, 5110
206.474, -565.53, 113.134, 4805
310.422, -505.515, 1466.15, 5536
380.051, -465.315, 564.357, 6012
381.832, -464.287, 1085.75, 5574
205.191, -580.127, 1560.92, 5110
208.179, -578.401, 95.6255, 4805
321.773, -512.818, 1469.88, 5536
386.141, -475.655, 562.666, 6012
389.871, -473.502, 1087.66, 5574
211.274, -590.471, 84.1668, 4805
209.972, -591.223, 1572.92, 5110
334.25, -519.471, 1472.86, 5536
392.017, -486.119, 559.691, 6012
400.19, -481.4, 1092.68, 5574
211.87, -603.984, 64.5911, 4805
215.831, -601.696, 1580.79, 5110
345.067, -527.082, 1475.94, 5536
397.908, -496.575, 557.866, 6012
408.023, -490.735, 1094.76, 5574
214.385, -616.388, 50.679, 4805
220.642, -612.775, 1592.34, 5110
358.707, -533.063, 1479.76, 5536
403.643, -507.12, 555.31, 6012
418.445, -498.574, 1099.27, 5574
215.823, -629.414, 33.0942, 4805
225.621, -623.757, 1601.76, 5110
369.631, -540.613, 1482.73, 5536
409.392, -517.657, 552.48, 6012
427.453, -507.229, 1102.5, 5574
217.657, -642.211, 16.7567, 4805
231.145, -634.424, 1610.99, 5110
383.471, -546.479, 1487.13, 5536
415.143, -528.193, 549.651, 6012
436.747, -515.72, 1105.86, 5574
220.612, -654.362, 5.68704, 4805
236.642, -645.107, 1622.77, 5110
395.022, -553.666, 1489.87, 5536
420.832, -538.765, 547.59, 6012
447.157, -523.566, 1109.57, 5574
242.387, -655.646, 1629.63, 5110
409.717, -559.039, 1493.75, 5536
426.353, -549.434, 545.462, 6012
455.881, -532.385, 1113.11, 5574
247.992, -666.267, 1636.88, 5110
424.968, -564.09, 1498.35, 5536
432.172, -559.931, 542.362, 6012
466.349, -540.198, 1116.32, 5574
498.963, -521.368, 1179.32, 4590
440.877, -568.761, 1502.11, 5536
437.805, -570.535, 539.323, 6012
476.098, -548.426, 1121.06, 5574
497.251, -536.213, 1176.56, 4590
443.605, -581.042, 537.709, 6012
453.251, -575.473, 1505.28, 5536
488.636, -555.044, 1171.86, 4590
486.288, -556.4, 1125.01, 5574
449.913, -594.721, 534.121, 6012
475.823, -579.762, 1511.05, 5536
480.06, -577.315, 1166.88, 4590
500.26, -565.653, 1130.95, 5574
214.444, -751.453, 1095.91, 4590
219.965, -748.266, 1097.25, 4590
442.297, -619.902, 1155.29, 4590
450.586, -615.117, 1157.16, 4590
458.471, -610.564, 1158.46, 4590
466.312, -606.038, 1161.15, 4590
457.825, -610.938, 530.264, 6012
498.049, -587.714, 1516.72, 5536
512.001, -579.659, 1133.34, 5574
243.091, -755.699, 1101.07, 4590
260.578, -745.603, 1105.89, 4590
271.604, -739.237, 1109.81, 4590
402.377, -663.735, 1140.78, 4590
424.709, -650.842, 1147.54, 4590
440.664, -641.63, 1151.86, 4590
466.122, -626.932, 526.755, 6012
528.367, -590.995, 1524.16, 5536
529.28, -590.468, 1140.18, 5574
295.563, -746.189, 1112.67, 4590
309.233, -738.297, 1115.43, 4590
318.91, -732.709, 1119.16, 4590
334.495, -723.712, 1122.44, 4590
343.003, -718.799, 1125.54, 4590
366.444, -705.266, 1129.68, 4590
385.214, -694.429, 1136.59, 4590
473.78, -643.295, 522.866, 6012
546.308, -601.421, 1146.92, 5574
544.105, -602.693, 1527.6, 5536
551.269, -598.557, 1531.22, 5536
481.411, -659.674, 518.906, 6012
561.165, -613.628, 1151.17, 5574
578.158, -603.817, 1536.02, 5536
489.275, -675.918, 515.17, 6012
577.451, -625.01, 1157.36, 5574
496.686, -692.424, 511.005, 6012
595.719, -635.247, 1164.13, 5574
503.954, -709.013, 507.442, 6012
608.885, -648.431, 1167.8, 5574
511.572, -725.399, 504.28, 6012
628.454, -657.917, 1174.61, 5574
518.675, -742.083, 499.889, 6012
643.268, -670.149, 1179.34, 5574
525.455, -758.953, 496.15, 6012
660.51, -680.979, 1186.27, 5574
532.435, -775.708, 491.971, 6012
674.681, -693.582, 1189.84, 5574
539.779, -792.252, 488.731, 6012
546.089, -809.394, 484.267, 6012
552.956, -826.213, 481.038, 6012
559.263, -843.357, 476.357, 6012
565.857, -860.334, 472.596, 6012
572.107, -877.511, 469.196, 6012
578.522, -894.592, 465.209, 6012
584.273, -912.056, 461.449, 6012
590.447, -929.276, 457.528, 6012
596.218, -946.728, 453.313, 6012
602.337, -963.981, 450.334, 6012
607.12, -982.003, 444.923, 6012
613.543, -999.08, 442.255, 6012
618.616, -1016.94, 437.906, 6012
323.986, -264.84, 1368.37, 5343
387.811, -154.292, 1264.13, 4590
393.873, -143.792, 1148.21, 4334
332.644, -273.844, 1381.4, 5343
397.587, -161.359, 1262.28, 4590
405.226, -148.129, 1141.45, 4334
341.159, -283.095, 1391.85, 5343
406.276, -170.31, 1258.52, 4590
416.23, -153.069, 1135.36, 4334
349.678, -292.34, 1404.19, 5343
415.792, -177.827, 1257.07, 4590
427.339, -157.827, 1129.03, 4334
358.12, -301.718, 1416.59, 5343
424.368, -186.974, 1253.38, 4590
438.496, -162.502, 1122.65, 4334
366.737, -310.793, 1427.43, 5343
432.773, -196.415, 1251.04, 4590
449.436, -167.554, 1116.7, 4334
374.84, -320.757, 1440.71, 5343
441.657, -205.027, 1248.82, 4590
460.471, -172.441, 1110, 4334
382.998, -330.629, 1451.55, 5343
449.492, -215.458, 1246.29, 4590
471.492, -177.352, 1103.73, 4334
391.014, -340.744, 1464.54, 5343
457.278, -225.972, 1242.74, 4590
482.52, -182.251, 1098.15, 4334
398.91, -351.068, 1477.26, 5343
464.258, -237.882, 1239.51, 4590
493.546, -187.154, 1091.26, 4334
406.715, -361.548, 1490.51, 5343
471.234, -249.799, 1236.73, 4590
504.293, -192.539, 1085.33, 4334
414.898, -371.375, 1501.05, 5343
478.586, -261.065, 1234.9, 4590
515.143, -197.747, 1079.07, 4334
422.38, -382.417, 1514.61, 5343
485.178, -273.647, 1231.66, 4590
526.142, -202.695, 1072.01, 4334
430.359, -392.596, 1525.13, 5343
492.202, -285.48, 1229.34, 4590
536.892, -208.076, 1066.09, 4334
438.064, -403.25, 1537.7, 5343
496.945, -301.266, 1225.88, 4590
547.59, -213.546, 1061.43, 4334
445.671, -414.075, 1549.74, 5343
501.57, -317.255, 1221.39, 4590
558.446, -218.743, 1054.3, 4334
452.878, -425.593, 1562.75, 5343
507.339, -331.263, 1219.15, 4590
569.08, -224.324, 1046.95, 4334
459.856, -437.506, 1576.9, 5343
511.903, -347.357, 1215.11, 4590
579.605, -230.094, 1041.4, 4334
467.384, -448.467, 1587.89, 5343
512.366, -370.556, 1210.84, 4590
590.209, -235.728, 1035.63, 4334
476.399, -456.853, 1597.97, 5343
512.246, -394.764, 1205.08, 4590
518.226, -384.407, 1207.94, 4590
600.883, -241.241, 1028.86, 4334
484.269, -467.222, 1608.47, 5343
519.329, -406.496, 1202.85, 4590
611.355, -247.103, 1022.01, 4334
518.077, -432.665, 1197.79, 4590
621.987, -252.687, 1016.6, 4334
513.786, -464.097, 1191.17, 4590
632.427, -258.604, 1009.12, 4334
513.048, -489.374, 1186.86, 4590
642.907, -264.453, 1004.68, 4334
653.281, -270.483, 997.151, 4334
663.615, -276.585, 991.575, 4334
673.99, -282.615, 984.465, 4334
686.785, -290.453, 975.954, 4334
702.154, -299.834, 967.217, 4334
717.424, -309.385, 957.663, 4334
732.646, -319.019, 949.598, 4334
747.752, -328.856, 938.472, 4334
615.051, -594.7, 1548.21, 5536
762.788, -338.812, 929.221, 4334
630.792, -603.436, 1549.37, 5536
777.896, -348.645, 920.56, 4334
651.995, -602.711, 1554.75, 5536
792.502, -359.347, 906.201, 4334
673.396, -601.645, 1560.08, 5536
807.943, -368.601, 903.656, 4334
698.517, -594.132, 1567.17, 5536
822.183, -379.937, 891.303, 4334
894.905, -253.979, 546.711, 5571
717, -598.12, 1570.68, 5536
836.994, -390.283, 882.252, 4334
912.958, -258.71, 539.394, 5571
740.549, -593.331, 1577.12, 5536
851.709, -400.796, 873.11, 4334
930.462, -264.393, 530.001, 5571
767.984, -581.813, 1584.22, 5536
866.102, -411.868, 862.798, 4334
947.634, -270.65, 523.194, 5571
788.438, -582.385, 1588.49, 5536
880.394, -423.114, 852.109, 4334
963.482, -279.199, 514.718, 5571
732.847, -714.671, 1210.16, 5574
814.663, -572.962, 1595.82, 5536
894.83, -434.109, 843.868, 4334
979.261, -287.87, 506.696, 5571
746.16, -727.613, 1213.07, 5574
841.41, -562.635, 1602.49, 5536
908.975, -445.609, 832.697, 4334
995.031, -296.557, 498.724, 5571
761.659, -736.768, 1219.44, 5574
867.832, -552.87, 1609.27, 5536
874.376, -541.537, 1613.89, 5536
923.412, -456.603, 825.64, 4334
1010.87, -305.113, 490.422, 5571
777.715, -744.957, 1223.91, 5574
894.18, -543.235, 1615.03, 5536
900.127, -532.935, 1619.22, 5536
903.566, -526.978, 1620.44, 5536
937.343, -468.474, 814.506, 4334
1026.73, -313.647, 482.598, 5571
794.031, -752.698, 1230.69, 5574
932.913, -512.148, 1628.81, 5536
951.417, -480.097, 805.411, 4334
1042.5, -322.332, 474.467, 5571
809.883, -761.241, 1232.42, 5574
954.013, -511.6, 1631.75, 5536
961.954, -497.847, 1636.27, 5536
965.465, -491.765, 796.474, 4334
1058.28, -330.999, 466.496, 5571
826.404, -768.625, 1240.24, 5574
979.355, -503.707, 786.361, 4334
1073.78, -340.155, 458.407, 5571
842.905, -776.046, 1244.69, 5574
993.112, -515.879, 776.435, 4334
1089.15, -349.534, 450.827, 5571
859.613, -783.107, 1250.56, 5574
1006.83, -528.122, 766.778, 4334
1104.67, -358.647, 442.575, 5571
875.808, -791.057, 1253.46, 5574
1020.42, -540.585, 756.805, 4334
1120.01, -368.081, 434.101, 5571
892.773, -797.672, 1259.28, 5574
1033.74, -553.516, 745.747, 4334
1135.34, -377.541, 426.466, 5571
909.272, -805.094, 1264.77, 5574
1047.59, -565.521, 737.808, 4334
1150.77, -386.809, 418.311, 5571
413, 15.22, -1481.72, 769
413, 65.5604, -1299.87, 485
425, 17.2072, -1495.51, 769
425, 72.1589, -1294.14, 485
425, 102.5, -1532.76, 1227
437, 20.0141, -1514.75, 769
437, 78.9915, -1288.87, 485
437, 102.5, -1537.44, 1227
449, 21.6347, -1529.48, 769
449, 85.8685, -1283.58, 485
449, 107.008, -1541.78, 1227
461, 23.7948, -1544.23, 769
461, 92.7295, -1278.35, 485
461, 108.381, -1544.74, 1227
473, 26.3608, -1562.61, 769
473, 102.757, -1271.49, 485
473, 108.923, -1549.15, 1227
485, 27.9082, -1570.01, 769
485, 109.609, -1266.77, 485
485, 109.064, -1552.85, 1227
497, 30.439, -1588.1, 769
497, 109.995, -1557.79, 1227
497, 116.901, -1260.85, 485
509, 33.0217, -1606.89, 769
509, 110.357, -1560.15, 1227
509, 122.5, -1257.19, 485
521, 35.4839, -1621.09, 769
521, 111.026, -1565.28, 1227
533, 36.8286, -1631.1, 769
533, 111.448, -1569.38, 1227
545, 111.324, -1573.76, 1227
557, 111.216, -1575.95, 1227
569, 111.768, -1580.61, 1227
581, 111.818, -1584.27, 1227
593, 111.842, -1587.84, 1227
593, 147.24, -1512.12, 3305
605, 111.652, -1592.65, 1227
605, 145.211, -1531.27, 3305
617, 111.374, -1597.28, 1227
617, 141.837, -1555.8, 3305
629, 121.686, -1597.09, 3305
629, 139.021, -1573.93, 3305
629, 157.5, -1414.18, 3656
641, 116.077, -1604.25, 3305
641, 134.679, -1598.82, 3305
653, 109.957, -1608.43, 1227
653, 130.341, -1619.45, 3305
653, 162.5, -1445.78, 3656
665, 105, -1612.54, 3305
665, 127.825, -1634.1, 3305
665, 162.5, -1464.07, 3656
677, 108.589, -1615.37, 1227
677, 167.5, -1480.4, 3656
689, 108.136, -1620.09, 1227
689, 172.038, -1500.25, 3656
701, 107.313, -1624.64, 1227
701, 172.5, -1512.86, 3656
713, 106.592, -1626.97, 1227
713, 175.965, -1531.26, 3656
725, 105.808, -1631.67, 1227
725, 177.604, -1547.15, 3656
740, 103.945, -1636.66, 1227
740, 179.412, -1565.33, 3656
758, 182.106, -1594.59, 3656
776, 184.072, -1615.6, 3656
794, 186.127, -1633.51, 3656
406.418, 122.063, -1112.63, 3656
381.506, 165.212, -1165.48, 3305
314.141, 281.891, -745.58, 398
419.311, 123.732, -1127.85, 3656
395.137, 165.602, -1189.17, 3305
322.46, 291.483, -747.921, 398
408.464, 166.52, -1209.6, 3305
330.528, 301.509, -748.64, 398
442.595, 131.402, -1159.02, 3656
421.69, 167.611, -1229.16, 3305
338.192, 312.234, -750.384, 398
455.488, 133.072, -1178.08, 3656
436.375, 166.177, -1255.39, 3305
345.729, 323.179, -752.478, 398
449.803, 166.918, -1275.88, 3305
354.039, 332.786, -752.333, 398
353.38, 333.928, -415.954, 513
464.221, 165.945, -1299.36, 3305
363.931, 339.653, -408.345, 513
361.718, 343.485, -754.074, 398
478.168, 165.788, -1320.66, 3305
382.448, 331.581, -389.249, 513
371.665, 350.258, -755.833, 398
493.431, 163.353, -1348.4, 3305
400.112, 324.985, -368.61, 513
379.557, 360.588, -755.808, 398
507.645, 162.733, -1370.1, 3305
415.428, 322.457, -352.813, 513
522.521, 160.968, -1394.31, 3305
525.342, 156.082, -1241, 485
430.906, 319.649, -335.099, 513
537.219, 159.51, -1416.43, 3305
537.024, 159.848, -1237.05, 485
444.984, 319.265, -320.838, 513
550.812, 159.966, -1437.13, 3305
545.889, 168.492, -1233.55, 485
457.939, 320.826, -307.845, 513
554.182, 178.128, -1228.83, 485
471.303, 321.68, -292.439, 513
561.694, 189.118, -1223.27, 485
483.442, 324.653, -279.597, 513
569.641, 199.352, -1218.58, 485
494.96, 328.704, -267.863, 513
576.654, 211.206, -1212.71, 485
505.974, 333.627, -255.31, 513
584.156, 222.213, -1207.47, 485
517.142, 338.283, -238.671, 513
592.301, 232.104, -1204.37, 485
527.455, 344.421, -227.788, 513
597.473, 247.147, -1196.92, 485
537.165, 351.602, -213.212, 513
605.224, 257.722, -1192.01, 485
546.605, 359.252, -200.852, 513
611.307, 271.185, -1186.23, 485
555.663, 367.563, -186.283, 513
617.382, 284.663, -1180.56, 485
563.856, 377.373, -172.143, 513
623.129, 298.709, -1174.35, 485
571.841, 387.543, -157.903, 513
628.204, 313.919, -1167.62, 485
579.163, 398.86, -142.398, 513
633.762, 328.292, -1161.37, 485
585.917, 411.163, -127.42, 513
636.897, 346.863, -1152.89, 485
591.261, 425.906, -109.263, 513
645.195, 362.49, -1146.72, 485
597.569, 444.981, -87.8438, 513
647.29, 394.86, -1133.14, 485
600.83, 475.331, -53.6863, 513
590.813, 492.682, -28.4888, 513
655.519, 416.608, -1123.67, 485
599.728, 513.241, -12.0911, 513
655.296, 452.994, -1110.55, 485
648.202, 465.28, -1102.48, 485
650.141, 497.923, -1092.71, 485
644.294, 508.05, -1085.89, 485
637.083, 520.539, -1079.74, 485
642.921, 546.429, -1074.35, 485
625.194, 577.132, -1057.57, 485
616.019, 593.023, -1049.9, 485
644.293, 580.051, -1050.49, 485
634.513, 596.992, -1053.27, 485
626.89, 610.195, -1048.09, 485
654.39, 562.564, -1080.61, 485
187.753, 368.492, -827.404, 1094
184.437, 370.406, -1257.75, 410
193.839, 378.835, -829.366, 1094
191.202, 380.357, -1274.44, 410
197.946, 390.32, -1289.62, 410
200.774, 388.687, -831.27, 1094
204.915, 400.153, -1305.68, 410
207.389, 398.724, -834.597, 1094
214.086, 408.714, -837.487, 1094
211.815, 410.026, -1319.77, 410
331.763, 354.63, -445.682, 513
221.051, 418.549, -839.585, 1094
218.627, 419.949, -1336.64, 410
344.21, 361.3, -445.694, 513
316.068, 377.548, -472.342, 513
305.357, 383.732, -488.373, 513
227.653, 428.594, -841.353, 1094
225.58, 429.791, -1349.44, 410
309.132, 395.409, -491.024, 513
295.644, 403.196, -508.862, 513
233.011, 439.357, -1370.12, 410
234.542, 438.473, -845.25, 1094
297.804, 415.805, -514.388, 513
291.268, 419.579, -526.436, 513
239.835, 449.274, -1380.92, 410
241.539, 448.29, -847.696, 1094
148.412, 502.057, -1111.75, 1052
285.654, 436.676, -542.31, 513
247.973, 458.431, -849.99, 1094
247.015, 458.985, -1398.55, 410
150.082, 514.949, -1129.65, 1052
282.146, 452.558, -560.05, 513
255.06, 468.197, -852.858, 1094
254.218, 468.682, -1413.47, 410
156.082, 525.342, -1140.45, 1052
279.534, 467.923, -575.825, 513
261.444, 478.367, -1429.64, 410
261.787, 478.169, -854.539, 1094
157.752, 538.234, -1157.6, 1052
397.578, 413.626, -761.597, 398
278.633, 482.299, -590.597, 513
268.781, 487.987, -1443.56, 410
269.117, 487.793, -857.864, 1094
159.555, 551.049, -1174.9, 1052
403.578, 424.018, -763.378, 398
278.942, 495.977, -605.053, 513
275.797, 497.793, -860.123, 1094
276.083, 497.628, -1460.46, 410
185.347, 550.014, -784.532, 512
165.723, 561.344, -785.193, 512
165.422, 561.518, -1184.34, 1052
411.909, 433.065, -765.052, 398
283.268, 507.336, -1476.15, 410
282.867, 507.568, -862.921, 1094
280.887, 508.711, -617.54, 513
204.682, 552.708, -784.721, 512
194.729, 558.454, -784.609, 512
174.963, 569.866, -785.492, 512
167.655, 574.085, -1200.27, 1052
417.69, 443.584, -765.416, 398
290.886, 516.794, -1491.41, 410
289.763, 517.442, -864.779, 1094
283.336, 521.153, -630.974, 513
234.071, 549.597, -784.941, 512
171.317, 585.828, -1217.67, 1052
422.345, 454.753, -767.229, 398
298.018, 526.533, -1505.77, 410
297.006, 527.117, -868.244, 1094
285.672, 533.661, -651.3, 513
256.54, 550.48, -785.378, 512
176.043, 596.955, -1231.64, 1052
427.452, 465.661, -767.703, 398
305.638, 535.99, -1522.94, 410
304.071, 536.895, -870.173, 1094
291.032, 544.423, -656.694, 513
271.721, 555.572, -786.465, 512
180.556, 608.206, -1244.75, 1052
433.18, 476.21, -768.581, 398
313.32, 545.411, -1538.79, 410
311.441, 546.496, -873.595, 1094
295.904, 555.466, -675.229, 513
287.815, 560.136, -788.444, 512
185.206, 619.378, -1256.96, 1052
437.499, 487.573, -771.12, 398
320.805, 554.946, -1553.47, 410
318.926, 556.031, -877.231, 1094
302.444, 565.547, -678.188, 513
298.645, 567.741, -790.037, 512
189.985, 630.475, -1273.32, 1052
442.292, 498.662, -771.585, 398
328.314, 564.467, -1570.74, 410
325.857, 565.886, -878.727, 1094
308.063, 576.159, -791.38, 513
311.345, 574.265, -740.334, 513
308.402, 575.964, -693.424, 513
194.747, 641.582, -1287.29, 1052
446.43, 510.129, -772.074, 398
335.96, 573.909, -1581.96, 410
332.439, 575.942, -881.199, 1094
315.385, 585.788, -793.105, 512
315.719, 585.596, -760.843, 513
314.862, 586.09, -738.01, 513
314.454, 586.326, -702.917, 513
199.356, 652.777, -1302, 1052
450.913, 521.398, -773.994, 398
343.659, 583.321, -1598.6, 410
340.182, 585.328, -884.315, 1094
321.976, 595.839, -794.038, 512
204.366, 663.741, -1316.46, 1052
455.504, 532.603, -776.035, 398
351.627, 592.577, -1616.59, 410
347.188, 595.139, -886.016, 1094
209.606, 674.573, -1327.12, 1052
459.382, 544.221, -776.475, 398
359.068, 602.137, -1630.83, 410
354.381, 604.843, -889.216, 1094
214.604, 685.543, -1341.23, 1052
463.806, 555.523, -777.123, 398
366.399, 611.761, -1637.67, 410
361.64, 614.509, -891.274, 1094
218.936, 696.899, -1362.56, 1052
466.903, 567.592, -778.752, 398
369.249, 623.972, -894.459, 1094
224.361, 707.623, -1367.09, 1052
471.965, 581.989, -780.497, 398
378.455, 635.977, -897.971, 1094
231.229, 720.978, -1388.5, 1052
477.61, 599.515, -782.314, 398
389.323, 650.487, -901.471, 1094
239.269, 737.121, -1409.32, 1052
481.932, 617.804, -784.421, 398
400.367, 664.895, -906.203, 1094
247.29, 753.274, -1429.16, 1052
486.509, 635.946, -785.044, 398
411.461, 679.275, -909.943, 1094
255.363, 769.398, -1449.76, 1052
490.711, 654.305, -787.671, 398
422.804, 693.511, -913.312, 1094
263.319, 785.59, -1472.5, 1052
494.662, 672.808, -789.096, 398
434.695, 707.43, -918.999, 1094
272.365, 801.152, -1492.1, 1052
233.135, 823.801, -860.853, 485
597.126, 634.435, -1031.58, 485
497.041, 692.219, -791.215, 398
445.513, 721.969, -921.551, 1094
277.871, 818.757, -877.389, 485
259.437, 829.4, -868.078, 485
280.883, 817.018, -1513.58, 1052
594.353, 656.821, -1025.78, 485
584.679, 662.406, -1020.48, 485
580.232, 664.974, -1015.36, 485
500.887, 710.783, -792.911, 398
456.77, 736.254, -925.354, 1094
314.238, 818.545, -893.044, 485
291.407, 831.727, -881.736, 485
289.593, 832.774, -1535.03, 1052
550.784, 702.76, -1000.7, 485
534.543, 712.137, -991.118, 485
527.16, 716.4, -986.703, 485
514.502, 723.707, -981.15, 485
505.897, 728.675, -977.433, 485
503.232, 730.214, -794.88, 398
467.981, 750.566, -929.302, 485
380.434, 801.112, -920.613, 485
367.982, 808.301, -911.833, 485
345.075, 821.526, -902.166, 485
337.558, 825.866, -897.736, 485
298.707, 848.297, -1557.56, 1052
512.303, 745.762, -977.03, 485
495.121, 755.682, -967.015, 485
466.957, 771.942, -955.572, 485
446.939, 783.499, -946.352, 485
434.299, 790.797, -940.309, 485
417.842, 800.299, -932.088, 485
397.015, 812.323, -922.897, 485
505.739, 749.552, -796.441, 398
480.243, 764.271, -934.023, 1094
307.342, 864.096, -1573.47, 1052
507.336, 769.414, -798.822, 398
490.873, 778.919, -936.898, 1094
316.396, 879.653, -1594.89, 1052
508.271, 789.659, -800.065, 398
503.637, 792.334, -942.115, 1094
325.737, 895.045, -1619.56, 1052
515.534, 806.25, -946.151, 1094
509.683, 809.628, -802.065, 398
334.99, 910.487, -1633.52, 1052
526.221, 820.864, -948.759, 1094
509.579, 830.472, -803.922, 398
538.418, 834.607, -953.601, 1094
511.751, 850.004, -805.577, 398
550.525, 848.402, -957.681, 1094
510.621, 871.44, -808.278, 398
562.436, 862.309, -961.812, 1094
507.252, 894.17, -810.623, 398
574.558, 876.095, -965.793, 1094
507.065, 915.063, -812.378, 398
586.698, 889.871, -969.519, 1094
506.849, 935.972, -814.294, 398
598.391, 903.905, -973.158, 1094
501.723, 959.716, -817.3, 398
611.07, 917.369, -977.774, 1094
502.788, 979.886, -818.149, 398
496.898, 983.286, -818.743, 398
623.056, 931.234, -981.516, 1094
493.842, 1005.84, -821.116, 398
635.226, 944.992, -985.926, 1094
495.458, 1025.69, -822.707, 398
487.974, 1030.01, -823.877, 398
647.907, 958.455, -990.105, 1094
484.483, 1052.81, -825.005, 398
660.45, 971.998, -994.279, 1094
480.338, 1075.99, -827.462, 398
672.962, 985.559, -998.05, 1094
471.662, 1101.78, -830.335, 398
-71.7743, 413, -1103.2, 2330
-74.1949, 425, -1093.69, 2330
-76.1907, 437, -1084.7, 2330
-78.5953, 449, -1074.82, 2330
-80.4467, 461, -1065.83, 2330
-82.7178, 473, -1055.5, 2330
-84.7219, 485, -1046.35, 2330
-86.4297, 497, -1037.62, 2330
-88.3579, 509, -1028, 2330
-90.1496, 521, -1018, 2330
-91.7354, 533, -1008.88, 2330
-93.3643, 545, -999.633, 2330
-95.0196, 557, -990.022, 2330
-96.3719, 569, -979.553, 2330
142.034, 581, -786.292, 512
-97.8304, 581, -972.024, 2330
138.158, 593, -786.549, 512
-99.3295, 593, -961.485, 2330
127.353, 605, -787.494, 512
-100.457, 605, -952.201, 2330
119.076, 617, -788.329, 512
-101.74, 617, -942.691, 2330
112.101, 629, -789.694, 512
-102.935, 629, -933.075, 2330
106.094, 641, -791.064, 512
-104.171, 641, -924.196, 2330
102.563, 653, -792.838, 512
2.5, 653, -5.89265, 2459
-105.082, 653, -914.683, 2330
98.2082, 665, -793.711, 512
-0.803833, 665, -6.75068, 2459
-15.1538, 665, -19.6378, 2459
-106.271, 665, -905.506, 2330
95.4461, 677, -794.926, 512
-19.1084, 677, -22.7977, 2459
-33.1905, 677, -35.7507, 2459
-107.131, 677, -895.926, 2330
93.1742, 689, -796.622, 512
-37.6625, 689, -40.4758, 2459
-55.8905, 689, -57.392, 2459
-108.156, 689, -885.996, 2330
91.9092, 701, -797.771, 512
-60.805, 701, -62.9113, 2459
-71.8055, 701, -74.2349, 2459
-87.629, 701, -85.249, 2459
-94.5375, 701, -98.8158, 2459
-109.459, 701, -875.391, 2330
91.6051, 713, -799.098, 512
-109.046, 713, -102.574, 2459
-120.055, 713, -114.992, 2459
-145.168, 713, -135.717, 2459
-171.421, 713, -158.59, 2459
-109.596, 713, -870.485, 2330
92.477, 725, -800.895, 512
-110.481, 725, -857.876, 2330
-145.099, 725, -138.661, 2459
-182.955, 725, -162.688, 2459
-182.5, 725, -1283.33, 1856
94.9584, 740, -802.978, 512
-111.205, 740, -846.195, 2330
-186.557, 740, -1277.93, 1856
100.07, 758, -806.009, 512
-112.244, 758, -833.076, 2330
-188.509, 758, -1272.81, 1856
109.02, 776, -808.742, 512
-113.027, 776, -819.993, 2330
-190.221, 776, -1267.14, 1856
120.307, 794, -811.054, 512
-113.815, 794, -804.917, 2330
-191.42, 794, -1262.18, 1856
187.301, 812, -839.642, 485
176.09, 812, -834.17, 485
162.136, 812, -828.481, 485
144.022, 812, -820.551, 485
125.297, 812, -812.909, 512
-114.216, 812, -792.988, 2330
-193.303, 812, -1255.78, 1856
205.167, 830, -846.901, 485
196.71, 830, -841.868, 485
-114.482, 830, -777.585, 2330
-194.488, 830, -1251.1, 1856
-114.69, 848, -764.1, 2330
-195.307, 848, -1245.36, 1856
-212.5, 848, -915.99, 3986
-114.808, 866, -750.728, 2330
-196.614, 866, -1240.02, 1856
-216.561, 866, -933.229, 3986
-114.801, 884, -732.868, 2330
-197.706, 884, -1234.56, 1856
-214.212, 884, -959.442, 3986
-114.788, 902, -725.87, 2330
-198.936, 902, -1228.91, 1856
-210.448, 902, -986.02, 3986
-114.123, 920, -708.831, 2330
-199.639, 920, -1224.2, 1856
-205.983, 920, -1014.37, 3986
-113.722, 938, -694.141, 2330
-201.586, 938, -1045.43, 3986
-200.411, 938, -1218.7, 1856
-113.126, 956, -681.411, 2330
-198.394, 956, -1062.55, 3986
-201.124, 956, -1212.27, 1856
-112.349, 974, -667.025, 2330
-192.304, 974, -1096.18, 3986
-201.649, 974, -1208.37, 1856
-110.864, 992, -653.08, 2330
-187.079, 992, -1123.58, 3986
-202.195, 992, -1202.09, 1856
-110.278, 1010, -639.928, 2330
-180.98, 1010, -1151.66, 3986
-202.556, 1010, -1197.22, 1856
-109.7, 1028, -626.681, 2330
-175.16, 1028, -1179.63, 3986
-198.912, 1028, -1190.55, 1856
-107.987, 1046, -612.266, 2330
-169.632, 1046, -1199.19, 1856
-203.262, 1046, -1186.09, 1856
-106.506, 1064, -597.445, 2330
-161.631, 1064, -1230.61, 3986
-203.416, 1064, -1180.77, 1856
-104.989, 1082, -581.192, 2330
-154.434, 1082, -1258.83, 3986
-203.479, 1082, -1175.15, 1856
-104.142, 1100, -572.502, 2330
-146.26, 1100, -1288.37, 3986
-203.751, 1100, -1169.26, 1856
-101.409, 1118, -555.426, 2330
-139.273, 1118, -1314.84, 3986
-203.502, 1118, -1164.28, 1856
-99.5992, 1136, -542.476, 2330
-129.373, 1136, -1346.86, 3986
-203.522, 1136, -1158.5, 1856
-97.5392, 1154, -529.812, 2330
-120.246, 1154, -1375.76, 3986
-202.988, 1154, -1153.28, 1856
-94.9989, 1172, -513.945, 2330
-109.848, 1172, -1408.16, 3986
-202.504, 1172, -1148.77, 1856
-93.0153, 1190, -501.26, 2330
-99.3996, 1190, -1438.92, 3986
-202.046, 1190, -1142.32, 1856
-136.741, 397.944, -1381.87, 1856
-169.149, 379.233, -212.215, 3986
-161.034, 383.918, -202.052, 3986
-236.317, 340.454, -1557.71, 2990
-244.27, 335.862, -1550.47, 2990
-139.85, 410.005, -1378.54, 1856
-173.399, 390.636, -229.123, 3986
-225.995, 360.269, -1571.08, 2990
-234.759, 355.209, -1563.47, 2990
-140.9, 423.256, -1373.77, 1856
-177.388, 402.189, -247.944, 3986
-217.898, 378.801, -1585, 2990
-228.427, 372.722, -1574.51, 2990
-143.9, 435.38, -1370.95, 1856
-160.591, 425.743, -1628.65, 2990
-184.023, 412.215, -1612.16, 2990
-200.873, 402.486, -1599.42, 2990
-180.961, 413.982, -270.383, 3986
-145.813, 448.132, -1366.86, 1856
-185.718, 425.093, -280.151, 3986
-149.024, 460.134, -1363.23, 1856
-188.498, 437.344, -304.311, 3986
-150.59, 473.086, -1359.06, 1856
-192.522, 448.877, -316.759, 3986
-152.597, 485.784, -1355.47, 1856
-195.732, 460.88, -337.486, 3986
-155.14, 498.172, -1351.4, 1856
-198.974, 472.865, -355.494, 3986
-157.216, 510.83, -1347.34, 1856
-201.993, 484.978, -373.59, 3986
-158.766, 523.792, -1343.74, 1856
-204.393, 497.449, -394.647, 3986
-160.501, 536.647, -1339.54, 1856
-207.766, 509.358, -410.514, 3986
-163.372, 548.846, -1336.22, 1856
-210.693, 521.524, -428.456, 3986
-166.165, 561.089, -1332.76, 1856
-212.919, 534.096, -448.059, 3986
-167.241, 574.324, -1327.7, 1856
-215.285, 546.586, -466.716, 3986
-170.488, 586.306, -1325.13, 1856
-216.956, 559.478, -486.604, 3986
-174.761, 597.695, -1322.13, 1856
-219.428, 571.907, -502.224, 3986
-176.431, 610.588, -1317.82, 1856
-220.765, 584.991, -522.503, 3986
-178.101, 623.48, -1313.74, 1856
-222.157, 598.044, -542.652, 3986
-224.015, 610.828, -559.397, 3986
-224.521, 624.392, -581.603, 3986
-226.534, 637.086, -596.615, 3986
-227.195, 650.561, -616.911, 3986
-227.231, 664.397, -641.282, 3986
-229.621, 676.873, -651.789, 3986
-202.78, 706.226, -187.963, 2459
-229.494, 690.803, -675.413, 3986
-510.634, 528.487, -504.593, 2459
-208.624, 716.709, -193.749, 2459
-229.708, 704.536, -695.707, 3986
-505.413, 545.358, -493.807, 2459
-229.517, 721.967, -721.563, 3986
-244.65, 713.23, -221.101, 2459
-470.288, 582.957, -444.602, 2459
-481.373, 576.558, -461.508, 2459
-229.939, 742.507, -749.608, 3986
-289.25, 708.264, -256.547, 2459
-311.078, 695.662, -281.258, 2459
-349.721, 673.352, -318.147, 2459
-362.224, 666.133, -330.51, 2459
-382.17, 654.617, -349.968, 2459
-403.923, 642.058, -371.964, 2459
-435.97, 623.556, -402.383, 2459
-448.429, 616.362, -416.837, 2459
-465.144, 606.712, -431.225, 2459
-227.055, 764.957, -788.541, 3986
-359.445, 688.522, -319.078, 2459
-371.348, 681.65, -330.572, 2459
-387.224, 672.484, -346.442, 2459
-404.707, 662.39, -360.61, 2459
-409.274, 659.753, -369.404, 2459
-227.124, 785.702, -812.844, 3986
-230.951, 804.277, -834.978, 3986
-235.3, 822.551, -858.992, 3986
-633.674, 654.903, -548.915, 4054
-634.691, 654.316, -499.498, 4054
-647.82, 667.521, -516.735, 4054
-658.355, 682.223, -532.329, 4054
-665.777, 698.723, -554.352, 4054
-673.406, 715.103, -566.703, 4054
-680.795, 731.621, -591.096, 4054
-680.03, 752.847, -621.601, 4054
-687.89, 748.309, -607.436, 4054
-695.301, 764.815, -625.579, 4054
-701.864, 781.811, -646.211, 4054
-708.456, 798.79, -664.514, 4054
-714.731, 815.951, -685.264, 4054
-720.852, 833.202, -703.457, 4054
-726.916, 850.485, -722.57, 4054
-732.305, 868.159, -743.196, 4054
-738.258, 885.506, -759.743, 4054
-742.911, 903.605, -782.975, 4054
-748.096, 921.396, -801.645, 4054
-753.601, 939.002, -819.043, 4054
-342.669, 232.48, -1018.36, 1488
-353.21, 214.222, -1112.86, 411
-353.163, 238.304, -999.957, 1488
-364.124, 219.32, -1121.67, 411
-348.594, 270.217, -8.30108, 4054
-364.067, 243.417, -986.953, 1488
-375.537, 223.55, -1135.5, 411
-358.689, 276.732, -8.32189, 4054
-375.048, 248.398, -969.213, 1488
-386.497, 228.567, -1142.55, 411
-367.837, 284.887, -21.0688, 4054
-385.954, 253.509, -958.062, 1488
-397.875, 232.86, -1157.32, 411
-377.03, 292.964, -31.8026, 4054
-397.219, 257.997, -940.236, 1488
-409.33, 237.02, -1170.24, 411
-385.849, 301.69, -46.6467, 4054
-407.886, 263.521, -925.75, 1488
-420.053, 242.446, -1175.87, 411
-394.729, 310.31, -57.4003, 4054
-419.101, 268.095, -914.044, 1488
-431.607, 246.435, -1190.61, 411
-403.365, 319.352, -72.3064, 4054
-430.407, 272.513, -896.662, 1488
-443.021, 250.664, -1201.64, 411
-501.641, 149.133, -871.198, 2459
-412.387, 327.724, -83.0682, 4054
-441.6, 277.127, -883.742, 1488
-454.258, 255.202, -1210.72, 411
-509.039, 160.319, -855.595, 2459
-420.902, 336.977, -97.4911, 4054
-453.26, 280.93, -865.727, 1488
-465.813, 259.188, -1224.28, 411
-516.701, 171.047, -844.716, 2459
-429.383, 346.286, -112.61, 4054
-464.533, 285.405, -853.009, 1488
-477.123, 263.599, -1233.85, 411
-522.925, 184.267, -831.354, 2459
-437.948, 355.451, -124.491, 4054
-476.121, 289.334, -837.546, 1488
-488.842, 267.301, -1246.47, 411
-528.862, 197.985, -816.291, 2459
-447.273, 363.3, -131.948, 4054
-487.611, 293.434, -823.048, 1488
-500.189, 271.647, -1256.57, 411
-535.061, 211.247, -805.408, 2459
-455.528, 373.002, -147.348, 4054
-499.677, 296.535, -806.571, 1488
-511.624, 275.841, -1266.99, 411
-540.804, 225.3, -791.137, 2459
-463.464, 383.256, -162.876, 4054
-511.443, 300.154, -790.567, 1488
-523.456, 279.348, -1279.19, 411
-545.29, 241.53, -775.286, 2459
-471.958, 392.544, -175.418, 4054
-523.407, 303.433, -777.52, 1488
-535.21, 282.989, -1290.82, 411
-551.08, 255.501, -761.664, 2459
-480.246, 402.19, -187.924, 4054
-535.746, 306.061, -759.141, 1488
-546.671, 287.138, -1301.77, 411
-554.312, 273.903, -745.585, 2459
-488.064, 412.649, -202.517, 4054
-547.533, 309.645, -747.881, 2459
-557.474, 292.426, -727.278, 2459
-558.247, 291.088, -1313.1, 411
-496.309, 422.368, -214.767, 4054
-557.849, 315.777, -705.362, 2459
-558.776, 314.172, -731.812, 2459
-561.184, 310, -719.465, 2459
-569.829, 295.028, -1322.71, 411
-503.792, 433.407, -230.606, 4054
-559.772, 336.446, -686.604, 2459
-564.576, 328.125, -698.669, 2459
-572.046, 315.188, -714.894, 1488
-582.002, 297.943, -1336.73, 411
-512.122, 442.978, -242.238, 4054
-562.91, 355.011, -671.83, 2459
-582.827, 320.513, -699.55, 1488
-593.498, 302.031, -1346.88, 411
-519.739, 453.786, -256.81, 4054
-560.249, 383.62, -645.978, 2459
-597.84, 318.51, -679.345, 1488
-605.787, 304.746, -1360.7, 411
-528.029, 463.427, -267.408, 4054
-554.923, 416.845, -616.644, 2459
-609.635, 322.081, -670.023, 1488
-617.193, 308.99, -1369.73, 411
-524.175, 494.103, -541.005, 2459
-531.435, 481.528, -555.958, 2459
-537.779, 470.54, -565.201, 2459
-545.775, 456.689, -583.163, 2459
-560.071, 431.929, -606.228, 2459
-535.224, 474.965, -283.913, 4054
-622.888, 323.126, -649.529, 1488
-628.974, 312.584, -1380.04, 411
-532.752, 503.246, -537.845, 2459
-540.923, 489.094, -553.776, 2459
-546.139, 480.059, -564.297, 2459
-542.625, 486.145, -297.628, 4054
-634.954, 326.227, -639.389, 1488
-641.475, 314.932, -1394.42, 411
-551.108, 495.453, -306.922, 4054
-648.573, 326.638, -617.994, 1488
-653.108, 318.784, -1402.89, 411
-560.025, 510.008, -327.654, 4054
-665.07, 328.066, -598.329, 1488
-668.292, 322.485, -1419.4, 411
-571.152, 526.735, -347.27, 4054
-685.083, 329.402, -572.335, 1488
-686.47, 326.999, -1437.2, 411
-581.786, 544.318, -369.709, 4054
-704.587, 331.619, -1453.13, 411
-704.763, 331.314, -550.56, 1488
-592.605, 561.578, -390.191, 4054
-722.608, 336.406, -1468.84, 411
-723.386, 335.059, -537.292, 1488
-726.267, 330.068, -519.209, 1488
-602.847, 579.839, -411.202, 4054
-741.507, 339.672, -1490.68, 411
-746.333, 331.314, -497.68, 1488
-614.831, 595.082, -427.529, 4054
-758.736, 345.831, -1499.87, 411
-766.468, 332.439, -474.958, 1488
-628.207, 607.913, -443.802, 4054
-778.289, 347.963, -1524.53, 411
-788.888, 329.605, -444.684, 1488
-796.81, 351.884, -1539.84, 411
-809.37, 330.129, -424.269, 1488
-814.774, 356.77, -1552.72, 411
-833.24, 324.786, -387.534, 1488
-834.045, 359.392, -1575.66, 411
-856.131, 321.137, -357.949, 1488
-852.984, 362.588, -1593.07, 411
-874.071, 326.064, -349.817, 1488
-871.61, 366.328, -1608.43, 411
-898.883, 319.088, -313.341, 1488
-890.971, 368.793, -1628.65, 411
-925.179, 309.542, -273.304, 1488
-907.259, 376.582, -1636.95, 411
-945.675, 310.043, -257.399, 1488
-949.24, 303.868, -241.299, 1488
-972.466, 299.64, -215.129, 1488
-994.214, 297.97, -193.919, 1488
-997.913, 291.564, -178.178, 1488
-1020.27, 288.833, -153.149, 1488
-1039.61, 291.338, -145.708, 1488
-413, 53.9175, -989.258, 2459
-413, 2.95282, -117.617, 2714
-413, -17.1574, -1271.3, 2265
-413, -50.3982, -1291.86, 3089
-413, -56.8143, -402.15, 3646
-413, -94.7317, -1145.58, 1182
-413, -94.0536, -866.577, 772
-425, 63.8011, -974.635, 2459
-425, 3.93785, -105.619, 2714
-425, -21.3141, -1262.33, 2265
-425, -50.4434, -1290.67, 3089
-425, -56.6167, -398.919, 3646
-425, -94.7297, -864.001, 772
-425, -102.5, -1137.8, 1182
-437, 75.6826, -957.751, 2459
-437, 4.97281, -94.3294, 2714
-437, -23.5026, -1258.62, 2265
-437, -50.2814, -1289.48, 3089
-437, -55.6689, -398.52, 3646
-437, -95.514, -861.399, 772
-449, 85.8944, -944.212, 2459
-449, 5.4571, -86.7063, 2714
-449, -27.1836, -1251.16, 2265
-449, -50.1919, -1287.41, 3089
-449, -55.528, -392.978, 3646
-449, -95.8439, -859.426, 772
-461, 95.5467, -931.743, 2459
-461, 7.204, -73.6606, 2714
-461, -30.0952, -1246.16, 2265
-461, -50.0712, -1285.94, 3089
-461, -54.8213, -391.781, 3646
-461, -96.92, -856.834, 772
-473, 109.241, -914.659, 2459
-473, 8.50395, -63.0433, 2714
-473, -33.4439, -1240.19, 2265
-473, -49.7988, -1283.68, 3089
-473, -53.792, -389.057, 3646
-473, -97.5763, -854.108, 772
-485, 116.523, -903.029, 2459
-485, 9.98873, -52.0592, 2714
-485, -37.105, -1233.61, 2265
-485, -49.6204, -1282.39, 3089
-485, -53.1293, -385.602, 3646
-485, -98.4138, -851.73, 772
-497, 11.4705, -39.5677, 2714
-497, -40.8999, -1226.29, 2265
-497, -48.5901, -1280.14, 3089
-497, -52.0659, -382.367, 3646
-497, -98.8914, -849.523, 772
-509, 12.449, -32.4557, 2714
-509, -44.321, -1221, 2265
-509, -47.6244, -1279.19, 3089
-509, -51.5863, -380.974, 3646
-509, -99.3664, -846.874, 772
-521, 14.32, -19.7675, 2714
-521, -46.1977, -1277.32, 3089
-521, -49.1082, -1214.4, 2265
-521, -49.961, -375.995, 3646
-521, -99.6511, -844.608, 772
-533, 15.8404, -8.67085, 2714
-533, -45.2334, -1275.16, 3089
-533, -51.9347, -1207.53, 2265
-533, -49.506, -373.51, 3646
-533, -99.8158, -842.335, 772
-545, 17.0437, -3.45149, 2714
-545, -44.5856, -1273.46, 3089
-545, -47.9184, -372.166, 3646
-545, -56.2041, -1202.44, 2265
-545, -100.174, -839.641, 772
-557, -43.6202, -1271.67, 3089
-557, -46.2461, -367.743, 3646
-557, -61.9415, -1194.41, 2265
-557, -100.408, -837.192, 772
-569, -41.0115, -1269.05, 3089
-569, -44.9189, -365.316, 3646
-569, -65.197, -1189.91, 2265
-569, -100.628, -835.471, 772
-581, -40.0512, -1268.28, 3089
-581, -42.2119, -360.602, 3646
-581, -70.2019, -1181.78, 2265
-581, -100.264, -832.938, 772
-593, -38.2178, -1266.11, 3089
-593, -40.968, -359.523, 3646
-593, -74.7186, -1176.78, 2265
-593, -100.743, -830.654, 772
-605, -36.2163, -1263.89, 3089
-605, -40.6695, -358.09, 3646
-605, -78.9398, -1171.19, 2265
-605, -100.597, -827.349, 772
-617, -34.6566, -1262.56, 3089
-617, -37.9927, -353.111, 3646
-617, -85.8433, -1162.87, 2265
-617, -100.356, -825.338, 772
-629, -32.48, -1261.31, 3089
-629, -35.3706, -350.769, 3646
-629, -88.9506, -1158.79, 2265
-629, -100.421, -823.32, 772
-641, -29.946, -1258.9, 3089
-641, -33.2868, -347.452, 3646
-641, -95.5508, -1149, 2265
-641, -100.364, -820.614, 772
-653, -27.5212, -1257.23, 3089
-653, -32.3723, -345.478, 3646
-653, -100.323, -1144.01, 2265
-653, -99.9636, -818.38, 772
-665, -24.9818, -1255.31, 3089
-665, -29.3113, -342.639, 3646
-665, -99.4806, -815.798, 772
-665, -104.61, -1137.73, 2265
-677, -22.0369, -1253.1, 3089
-677, -27.8165, -338.431, 3646
-677, -99.1573, -813.443, 772
-677, -111.509, -1131.18, 2265
-689, -19.453, -1251.77, 3089
-689, -25.1778, -336.234, 3646
-689, -98.7227, -810.817, 772
-689, -115.775, -1124.97, 2265
-701, -15.6347, -1249.78, 3089
-701, -22.1269, -332.537, 3646
-701, -97.9476, -808.797, 772
-701, -122.943, -1118.36, 2265
-713, -13.1658, -1247.48, 3089
-713, -20.2997, -330.793, 3646
-713, -96.8642, -805.935, 772
-713, -129.218, -1111.58, 2265
-725, -9.68925, -1246.26, 3089
-725, -17.8699, -327.914, 3646
-725, -96.0633, -804.109, 772
-725, -135.711, -1104.45, 2265
-740, -5.14608, -1244.29, 3089
-740, -13.7679, -323.96, 3646
-740, -95.1757, -800.413, 772
-740, -143.86, -1096.39, 2265
-758, 0.131512, -1240.9, 3089
-758, -9.71479, -320.434, 3646
-758, -94.74, -796.446, 772
-758, -154.524, -1086.05, 2265
-776, 6.22627, -1238.26, 3089
-776, -5.34992, -314.564, 3646
-776, -92.9572, -793.092, 772
-776, -165.338, -1074.84, 2265
-794, 14.2229, -1235.07, 3089
-794, 0.308819, -310.256, 3646
-794, -91.1574, -789.618, 772
-794, -175.023, -1065.45, 2265
-812, 19.8897, -1232.45, 3089
-812, 4.42856, -305.8, 3646
-812, -89.9013, -785.085, 772
-812, -184.079, -1056.75, 2265
-830, 25.7049, -1229.83, 3089
-830, 11.2127, -300.354, 3646
-830, -88.5086, -782.425, 772
-830, -198.376, -1042.98, 2265
-848, 35.0024, -1226.34, 3089
-848, 14.5294, -298.15, 3646
-848, -85.6806, -778.414, 772
-848, -212.5, -1031.68, 2265
-866, 43.2029, -1224.03, 3089
-866, 20.4726, -291.918, 3646
-866, -84.5734, -774.812, 772
-866, -215.494, -1027.89, 2265
-884, 51.5969, -1221.05, 3089
-884, 26.5859, -288.113, 3646
-884, -81.7537, -771.136, 772
-884, -222.5, -1015.45, 2265
-902, 60.0557, -1218.77, 3089
-902, 32.0058, -283.078, 3646
-902, -79.9702, -767.762, 772
-920, 69.6943, -1215.9, 3089
-920, 39.5799, -278.513, 3646
-920, -77.7084, -764.231, 772
-938, 79.7465, -1213.47, 3089
-938, 45.5054, -274.745, 3646
-938, -74.9477, -760.875, 772
-956, 89.8018, -1210, 3089
-956, 50.9372, -270.6, 3646
-956, -72.2802, -757.153, 772
-974, 100.412, -1207.65, 3089
-974, 58.6896, -265.233, 3646
-974, -69.6398, -753.195, 772
-992, 111.247, -1204.65, 3089
-992, 67.1815, -259.923, 3646
-992, -65.9153, -749.884, 772
-1010, 121.72, -1201.82, 3089
-1010, 72.7721, -255.661, 3646
-1010, -63.6628, -746.255, 772
-1028, 133.337, -1198.88, 3089
-1028, 81.421, -251.898, 3646
-1028, -60.0562, -742.598, 772
-1046, 267.5, -111.333, 1488
-1046, 147.347, -1196.2, 3089
-1046, 89.2719, -247.775, 3646
-1046, -55.9312, -738.707, 772
-1064, 270.167, -98.9054, 1488
-1064, 162.173, -1192.5, 3089
-1064, 97.7818, -241.821, 3646
-1064, -53.8741, -735.611, 772
-1082, 261.848, -74.0711, 1488
-1082, 175.007, -1189.63, 3089
-1082, 106.752, -237.202, 3646
-1082, -49.849, -731.592, 772
-1100, 254.314, -51.5674, 1488
-1100, 189.133, -1186.01, 3089
-1100, 116.25, -232.605, 3646
-1100, -45.5199, -728.38, 772
-1118, 244.101, -17.7275, 1488
-1118, 203.942, -1181.75, 3089
-1118, 124.551, -227.284, 3646
-1118, -42.1579, -724.82, 772
-1136, 239.191, -7.24297, 1488
-1136, 221.621, -1178.5, 3089
-1136, 134.856, -223.837, 3646
-1136, -38.6933, -721.065, 772
-1154, 237.634, -1174.41, 3089
-1154, 141.449, -220.236, 3646
-1154, -34.2487, -717.406, 772
-1172, 255.703, -1170.13, 3089
-1172, 153.845, -211.622, 3646
-1172, -30.1615, -713.531, 772
-1190, 272.872, -1165.9, 3089
-1190, 165.4, -206.982, 3646
-1190, -25.1168, -710.098, 772
-405.234, -124.115, -957.149, 3270
-381.611, -165.03, -1015.12, 2460
-345.494, -227.586, -1466.33, 1307
-315.971, -278.722, -1132.94, 449
-419.233, -123.867, -1124.7, 1182
-416.033, -129.411, -947.866, 3270
-391.254, -172.328, -1006.13, 2460
-356.952, -231.741, -1469.63, 1307
-326.08, -285.214, -1138.84, 449
-317.043, -300.865, -996.763, 1206
-427.524, -133.506, -1116.65, 1182
-427.277, -133.934, -932.193, 3270
-400.88, -179.656, -995.635, 2460
-368.634, -235.508, -1474.54, 1307
-335.673, -292.598, -1155.58, 449
-330.384, -301.757, -998.421, 1206
-333.531, -296.307, -7.07043, 4357
-438.38, -138.704, -919.076, 3270
-432.552, -148.798, -1104.99, 1182
-410.294, -187.35, -983.906, 2460
-380.649, -238.697, -1478.67, 1307
-348.17, -294.952, -1000.99, 1206
-345.434, -299.691, -1168.72, 449
-343.824, -302.479, -10.261, 4357
-449.417, -143.586, -903.148, 3270
-434.265, -169.831, -1088.14, 1182
-420.007, -194.527, -974.366, 2460
-392.238, -242.624, -1483, 1307
-366.537, -287.14, -1004.82, 1206
-355.22, -306.742, -1178.45, 449
-353.838, -309.135, -24.1785, 4357
-460.593, -148.229, -891.149, 3270
-436.217, -190.45, -1073.83, 1182
-430.185, -200.897, -1060.35, 1182
-419.411, -219.558, -1044.69, 1182
-409.637, -236.488, -1030.65, 1182
-398.912, -255.065, -1017.04, 1206
-391.144, -268.518, -1010.69, 1206
-385.183, -278.843, -1007.95, 1206
-429.48, -202.119, -964.351, 2460
-404.166, -245.964, -1487.56, 1307
-363.891, -315.722, -36.6365, 4357
-364.951, -313.886, -1193.01, 449
-471.845, -152.74, -878.478, 3270
-428.374, -228.035, -1044.94, 1182
-419.528, -243.356, -1031.34, 1182
-411.296, -257.614, -1019.11, 1206
-438.577, -210.363, -953.442, 2460
-415.838, -249.747, -1490.85, 1307
-373.989, -322.233, -48.8824, 4357
-374.861, -320.721, -1204.2, 449
-482.895, -157.601, -863.536, 3270
-447.745, -218.482, -942.584, 2460
-439.198, -233.287, -1496.69, 1307
-427.854, -252.935, -1495.42, 1307
-384.025, -328.85, -61.6307, 4357
-384.666, -327.739, -1217.85, 449
-494.034, -162.308, -851.862, 3270
-457.111, -226.26, -933.111, 2460
-439.557, -256.665, -1501.31, 1307
-394.485, -334.732, -1230.43, 449
-394.084, -335.426, -73.1599, 4357
-505.392, -166.636, -833.924, 3270
-466.038, -234.799, -921.469, 2460
-451.272, -260.375, -1504.38, 1307
-404.233, -341.848, -1242.69, 449
-404.261, -341.8, -85.7511, 4357
-516.442, -171.497, -823.914, 3270
-475.092, -243.116, -912.037, 2460
-463.887, -262.525, -1508.58, 1307
-414.562, -347.958, -97.0745, 4357
-414.266, -348.471, -1257.23, 449
-527.688, -176.017, -808.584, 3270
-484.481, -250.854, -903.187, 2460
-475.945, -265.639, -1512.66, 1307
-424.765, -354.285, -110.132, 4357
-424.269, -355.145, -1265.22, 449
-539.161, -180.145, -794.362, 3270
-493.023, -260.059, -891.877, 2460
-488.033, -268.701, -1516.73, 1307
-435.021, -360.522, -123.247, 4357
-433.999, -362.292, -1281.42, 449
-550.182, -185.056, -781.168, 3270
-500.167, -271.685, -1521.21, 1307
-501.937, -268.619, -880.415, 2460
-445.365, -366.605, -133.812, 4357
-444.1, -368.796, -1293.24, 449
-561.436, -189.564, -769.523, 3270
-512.455, -274.402, -1526.03, 1307
-510.503, -277.783, -869.37, 2460
-455.725, -372.661, -146.191, 4357
-453.972, -375.698, -1306.58, 449
-572.71, -194.037, -753.78, 3270
-524.902, -276.843, -1530.91, 1307
-519.201, -286.717, -860.764, 2460
-466.128, -378.642, -159.352, 4357
-463.995, -382.336, -1317.89, 449
-584.122, -198.271, -738.503, 3270
-537.105, -279.706, -1534.53, 1307
-527.888, -295.672, -850.004, 2460
-476.55, -384.592, -170.748, 4357
-474.021, -388.971, -1330.69, 449
-595.482, -202.595, -725.295, 3270
-549.214, -282.733, -1538.25, 1307
-536.221, -305.239, -839.387, 2460
-486.947, -390.583, -182.491, 4357
-484.01, -395.671, -1344.59, 449
-606.656, -207.241, -713.026, 3270
-561.762, -285, -1543.07, 1307
-544.203, -315.413, -827.643, 2460
-497.338, -396.586, -195.792, 4357
-494.115, -402.167, -1355.14, 449
-618.133, -211.362, -696.211, 3270
-574.201, -287.454, -1547.6, 1307
-552.832, -324.468, -819.06, 2460
-507.794, -402.476, -205.443, 4357
-504.212, -408.68, -1368.02, 449
-629.336, -215.958, -687.151, 3270
-586.86, -289.528, -1552.44, 1307
-561.235, -333.913, -807.575, 2460
-518.473, -407.979, -218.825, 4357
-514.175, -415.423, -1382.11, 449
-640.863, -219.992, -670.726, 3270
-598.925, -292.632, -1555.26, 1307
-568.69, -345, -795.041, 2460
-528.961, -413.813, -230.973, 4357
-524.359, -421.783, -1392.66, 449
-652.122, -224.491, -656.909, 3270
-611.613, -294.656, -1560.25, 1307
-577.273, -354.134, -788.491, 2460
-539.445, -419.654, -243.689, 4357
-534.37, -428.444, -1405.04, 449
-663.681, -228.471, -641.348, 3270
-624.514, -296.311, -1565.18, 1307
-585.06, -364.647, -776.208, 2460
-550.083, -425.228, -254.107, 4357
-544.623, -434.685, -1418.74, 449
-675.19, -232.537, -625.966, 3270
-636.84, -298.961, -1569.28, 1307
-592.586, -375.612, -763.953, 2460
-560.761, -430.733, -267.935, 4357
-554.721, -441.196, -1432.75, 449
-686.19, -237.485, -619.454, 3270
-649.595, -300.869, -1573.32, 1307
-600.262, -386.316, -752.383, 2460
-571.552, -436.042, -279.562, 4357
-565.021, -447.355, -1441.45, 449
-697.92, -241.168, -598.476, 3270
-662.319, -302.83, -1577.62, 1307
-607.531, -397.726, -741.026, 2460
-582.353, -441.335, -291.038, 4357
-575.162, -453.79, -1456.08, 449
-711.953, -246.861, -587.579, 3270
-678.212, -305.302, -1583.67, 1307
-616.982, -411.355, -726.898, 2460
-595.786, -448.069, -308.61, 4357
-587.958, -461.627, -1475.53, 449
-729.236, -252.925, -561.854, 3270
-697.627, -307.675, -1590.08, 1307
-628.987, -426.562, -713.464, 2460
-611.571, -456.727, -324.055, 4357
-603.513, -470.684, -1485.74, 449
-746.581, -258.884, -541.738, 3270
-716.991, -310.135, -1598.18, 1307
-638.248, -446.523, -691.746, 2460
-627.802, -464.615, -341.947, 4357
-618.801, -480.206, -1510.98, 449
-763.877, -264.927, -521.667, 3270
-736.382, -312.549, -1604.08, 1307
-650.363, -461.539, -680.22, 2460
-644.418, -471.836, -361.051, 4357
-634.316, -489.333, -1527.62, 449
-781.235, -270.861, -501.793, 3270
-756.035, -314.51, -1611.15, 1307
-659.147, -482.324, -658.738, 2460
-660.649, -479.722, -379.99, 4357
-649.695, -498.695, -1551.32, 449
-798.598, -276.788, -480.125, 3270
-775.807, -316.263, -1618, 1307
-676.823, -487.709, -396.219, 4357
-670.229, -499.13, -643.866, 2460
-665.271, -507.716, -1563.9, 449
-815.965, -282.706, -459.274, 3270
-796.853, -315.809, -1625.3, 1307
-693.637, -494.585, -414.374, 4357
-680.356, -517.588, -627.4, 2460
-680.907, -516.635, -1585.78, 449
-833.283, -288.711, -438.874, 3270
-814.742, -320.825, -1630.77, 1307
-709.967, -502.3, -433.118, 4357
-696.499, -525.629, -1603.06, 449
-688.23, -539.95, -605.34, 2460
-850.72, -294.51, -417.299, 3270
-833.989, -323.489, -1636.86, 1307
-726.651, -509.404, -451.284, 4357
-712.261, -534.328, -1623.68, 449
-698.138, -558.79, -588.883, 2460
-868.456, -299.79, -394.588, 3270
-743.535, -516.16, -469.086, 4357
-727.747, -543.505, -1635.39, 449
-708.318, -577.157, -572.898, 2460
-912.941, -258.74, -992.071, 2265
-886.429, -304.66, -364.611, 3270
-759.975, -523.686, -488.976, 4357
-715.914, -600, -552.676, 2460
-928.581, -267.65, -985.152, 2265
-902.683, -312.507, -358.314, 3270
-777.127, -529.977, -507.378, 4357
-722.936, -623.838, -529.775, 2460
-942.564, -279.431, -975.797, 2265
-921.071, -316.659, -331.022, 3270
-793.59, -537.462, -523.981, 4357
-729.17, -649.04, -509.231, 2460
-956.683, -290.976, -965.7, 2265
-938.422, -322.605, -313.529, 3270
-810.977, -543.346, -543.533, 4357
-739.273, -667.542, -493.166, 2460
-970.64, -302.802, -956.163, 2265
-956.268, -327.695, -290.908, 3270
-827.975, -549.905, -561.693, 4357
-749.158, -686.421, -477.78, 2460
-745.791, -692.252, -470.139, 2460
-983.938, -315.77, -944.605, 2265
-973.916, -333.129, -268.859, 3270
-844.809, -556.748, -577.718, 4357
-751.862, -717.737, -449.202, 2460
-998.651, -326.285, -940.281, 2265
-991.646, -338.419, -249.433, 3270
-862.482, -562.137, -599.66, 4357
-759.363, -740.744, -432.626, 2460
-1011.66, -339.746, -928.622, 2265
-1009.41, -343.651, -226.664, 3270
-879.455, -568.739, -617.339, 4357
-772.113, -754.662, -418.721, 2460
-1027.06, -349.088, -207.626, 3270
-1025.32, -352.098, -919.957, 2265
-896.631, -574.989, -635.799, 4357
-1045.23, -353.604, -180.378, 3270
-1038.3, -365.609, -909.375, 2265
-914.378, -580.25, -655.658, 4357
-1062.6, -359.519, -166.036, 3270
-1051.65, -378.497, -901.399, 2265
-931.703, -586.244, -673.02, 4357
-1080.44, -364.619, -145.72, 3270
-1065.1, -391.197, -892.325, 2265
-949.015, -592.258, -691.574, 4357
-1098.61, -369.154, -120.406, 3270
-1077.13, -406.359, -880.046, 2265
-966.607, -597.788, -711.362, 4357
-1116.95, -373.383, -96.7172, 3270
-1090.64, -418.951, -872.871, 2265
-984.486, -602.821, -730.097, 4357
-1134, -379.846, -84.7777, 3270
-1103.12, -433.337, -863.764, 2265
-1002.39, -607.818, -748.818, 4357
-1152.59, -383.649, -59.4983, 3270
-1115.43, -448.013, -853.038, 2265
-1020.33, -612.737, -768.998, 4357
-276.763, -317.102, -991.565, 1206
-143.254, -394.183, -1547.6, 544
-303.433, -315.561, -993.784, 1206
-146.677, -406.064, -1549.61, 544
-149.827, -418.101, -1553.58, 544
-152.877, -430.197, -1555.74, 544
-156.398, -442.02, -1559.66, 544
-158.6, -454.606, -1563.39, 544
-162.318, -466.315, -1565.4, 544
-164.662, -478.819, -1569.16, 544
-167.256, -491.177, -1571.38, 544
-169.657, -503.648, -1575.47, 544
-171.824, -516.253, -1578.78, 544
-174.652, -528.477, -1581.63, 544
-175.637, -541.764, -1584.64, 544
-178.032, -554.238, -1587.54, 544
-179.474, -567.262, -1591.12, 544
-167.091, -574.411, -993.573, 3060
-181.831, -579.757, -1593.55, 544
-168.761, -587.303, -982.902, 3060
-183.794, -592.48, -1597.72, 544
-174.761, -597.695, -975.789, 3060
-184.541, -605.906, -1600.63, 544
-176.464, -610.569, -963.196, 3060
-185.567, -619.17, -1603.97, 544
-178.911, -623.013, -954.236, 3060
-186.892, -632.261, -1608.1, 544
-184.367, -633.719, -944.066, 3060
-185.771, -646.765, -1610.89, 544
-187.329, -645.865, -934.235, 3060
-192.519, -656.725, -926.157, 3060
-191.771, -657.157, -1614.44, 544
-196.387, -668.348, -915.735, 3060
-193.441, -670.049, -1615.67, 544
-201.112, -679.477, -906.239, 3060
-195.111, -682.942, -1620.2, 544
-205.75, -690.655, -897.762, 3060
-210.127, -701.985, -886.652, 3060
-215.173, -712.928, -880.149, 3060
-220.52, -727.161, -864.263, 3060
-227.905, -743.682, -853.333, 3060
-235.104, -760.31, -838.514, 3060
-242.257, -776.965, -825.735, 3060
-249.687, -793.46, -810.355, 3060
-256.901, -810.079, -795.143, 3060
-264.242, -826.626, -782.348, 3060
-271.855, -843.015, -767.213, 3060
-279.255, -859.527, -752.348, 3060
-287.082, -875.793, -740.434, 3060
-294.833, -892.103, -726.274, 3060
-302.466, -908.481, -711.717, 3060
-310.449, -924.656, -698.721, 3060
-318.29, -940.913, -684.745, 3060
-326.287, -957.081, -669.587, 3060
-334.263, -973.26, -654.502, 3060
-342.491, -989.295, -643.053, 3060
-754.662, -772.113, -399.454, 2460
-350.412, -1005.51, -627.018, 3060
-767.186, -785.666, -391.653, 2460
-358.634, -1021.54, -614.311, 3060
-770.093, -804.773, -376.548, 2460
-366.997, -1037.5, -598.665, 3060
-773.299, -823.706, -360.917, 2460
-375.529, -1053.36, -586.204, 3060
-775.627, -843.146, -344.113, 2460
-383.877, -1069.32, -573.715, 3060
-777.228, -863.007, -327.168, 2460
-392.334, -1085.23, -556.1, 3060
-778.569, -883.017, -309.313, 2460
-400.423, -1101.34, -544.269, 3060
-779.27, -903.397, -292.895, 2460
-409.623, -1116.81, -530.89, 3060
-781.768, -922.739, -277.451, 2460
-417.978, -1132.77, -515.599, 3060
-97.5, -413, -1131.33, 3060
69.7754, -413, -1327.88, 578
-102.434, -425, -1119.51, 3060
74.3979, -425, -1322.31, 578
-102.5, -437, -1113.19, 3060
79.478, -437, -1314.34, 578
-107.5, -449, -1102.13, 3060
85.658, -449, -1308.41, 578
-112.5, -461, -1089.74, 3060
91.4974, -461, -1303.11, 578
-112.5, -473, -1083.77, 3060
98.9725, -473, -1294.77, 578
106.037, -485, -1288.02, 578
112.754, -497, -1281.16, 578
118.6, -509, -1275.37, 578
125.638, -521, -1268.76, 578
127.5, -533, -1262.75, 578
-187.5, -740, -1633.08, 544
-190.046, -758, -1637.08, 544
227.5, -902, -316.412, 4805
231.717, -920, -340.542, 4805
232.756, -938, -363.126, 4805
232.332, -956, -385.056, 4805
231.815, -974, -409.613, 4805
231.318, -992, -433.429, 4805
230.425, -1010, -453.368, 4805
229.484, -1028, -477.56, 4805
262.5, -1028, -612.426, 1969
228.481, -1046, -500.98, 4805
267.395, -1046, -615.262, 1969
227.053, -1064, -526.338, 4805
270.591, -1064, -616.863, 1969
225.467, -1082, -549.608, 4805
271.569, -1082, -619.012, 1969
224.571, -1100, -564.49, 4805
271.973, -1100, -620.787, 1969
221.885, -1118, -601.285, 1969
272.264, -1118, -622.408, 1969
221.386, -1136, -608.492, 1969
272.159, -1136, -624.692, 1969
218.873, -1154, -642.237, 4805
271.55, -1154, -626.495, 1969
216.794, -1172, -664.952, 4805
271.142, -1172, -628.298, 1969
214.687, -1190, -687.625, 4805
270.368, -1190, -630.182, 1969
145.951, -392.626, -542.2, 1969
149.98, -404.157, -543.729, 1969
154.048, -415.665, -545.323, 1969
158.399, -427.009, -546.747, 1969
161.817, -438.892, -547.393, 1969
166.089, -450.282, -548.539, 1969
169.299, -462.285, -550.172, 1969
173.575, -473.673, -551.437, 1969
176.964, -485.572, -553.024, 1969
180.625, -497.315, -554.806, 1969
184.186, -509.116, -556.011, 1969
187.854, -520.854, -557.126, 1969
191.351, -532.691, -558.641, 1969
194.585, -544.681, -559.726, 1969
167.091, -574.411, -1235.13, 578
197.964, -556.586, -561.202, 1969
171.706, -585.603, -1228.89, 578
201.448, -568.431, -562.504, 1969
179.59, -594.907, -1223.21, 578
204.094, -580.76, -564.293, 1969
187.073, -604.444, -1217.29, 578
208.17, -592.263, -565.6, 1969
195.118, -613.655, -1210.44, 578
210.714, -604.651, -566.811, 1969
202.962, -622.983, -1205.1, 578
213.06, -617.153, -568.364, 1969
210.895, -632.259, -1199.08, 578
217.269, -628.579, -569.534, 1969
219.251, -641.291, -1194.31, 578
219.322, -641.25, -570.787, 1969
216.795, -656.566, -8.06374, 4805
221.787, -653.683, -572.105, 1969
228.419, -649.854, -1185.53, 578
220.617, -668.215, -16.4317, 4805
225.14, -665.604, -573.673, 1969
235.405, -659.678, -1182.91, 578
221.701, -681.446, -33.7918, 4805
227.392, -678.16, -574.733, 1969
245.629, -667.631, -1174.55, 578
222.596, -694.786, -51.5191, 4805
230.11, -690.447, -576.242, 1969
253.734, -676.808, -1169.24, 578
223.073, -708.366, -72.3819, 4805
232.59, -702.872, -577.514, 1969
263.327, -685.126, -1162.66, 578
226.235, -723.862, -87.0465, 4805
235.961, -718.246, -579.379, 1969
275.099, -695.65, -1154.89, 578
227.471, -743.933, -114.165, 4805
239.694, -736.875, -581.345, 1969
289.957, -707.856, -1145.01, 578
229.396, -763.606, -137.375, 4805
241.583, -756.57, -583.486, 1969
304.252, -720.388, -1135.79, 578
229.444, -784.363, -166.915, 4805
246.067, -774.765, -585.414, 1969
319.988, -732.087, -1125.73, 578
231.184, -804.143, -189.316, 4805
248.999, -793.857, -587.309, 1969
334.898, -744.263, -1117.48, 578
235.979, -822.159, -208.773, 4805
251.751, -813.053, -589.778, 1969
351.299, -755.579, -1106.56, 578
239.97, -840.64, -231.342, 4805
254.319, -832.355, -591.724, 1969
368.911, -766.195, -1096.41, 578
256.517, -851.87, -593.761, 1969
385.386, -777.468, -1088.06, 578
258.914, -871.271, -595.956, 1969
405.849, -786.438, -1074.76, 578
261.031, -890.833, -597.777, 1969
422.065, -797.86, -1066.02, 578
262.236, -910.922, -600.366, 1969
442.708, -806.727, -1054.61, 578
265.201, -929.995, -602.355, 1969
461.154, -816.862, -1045.02, 578
267.969, -949.182, -604.113, 1969
482.453, -825.35, -1032.77, 578
272.834, -967.158, -605.796, 1969
499.405, -836.347, -1025.43, 595
277.329, -985.347, -607.45, 1969
527.942, -840.656, -1010.89, 595
549.756, -848.846, -999.699, 595
578.747, -852.892, -987.103, 595
604.577, -858.764, -974.475, 595
627.02, -866.591, -965.491, 595
636.091, -861.354, -959.39, 595
663.964, -866.046, -947.236, 595
688.891, -872.439, -937.654, 595
728.612, -870.291, -919.679, 595
761.628, -872.014, -905.073, 595
795.539, -873.22, -889.998, 595
819.656, -859.296, -875.357, 595
835.04, -871.198, -872.53, 595
846.169, -864.773, -867.162, 595
860.381, -877.352, -862.902, 595
877.308, -860.458, -851.735, 595
