# format: (x, y, z, hit-index, phi, theta, q/p, t, chi2, seed-index)+
966.484, -706.697, -847.822, 3708, -1.64368, 1.95756, 8.70781, 3587.06, 0.0354403, 0, 968.232, -667.412, -832.363, 3701, -1.5882, 1.95756, 8.70781, 3520.16, 1.22816, 0, 966.181, -600.223, -804.238, 3688, -1.49336, 1.95756, 8.70781, 3405.8, 2.17762e-09, 0
712.989, -566.901, 483.212, 1986, -1.70521, 1.42088, 12.3901, 6657.08, 2.84341, 1, 715.948, -527.869, 476.02, 1982, -1.62909, 1.42088, 12.3901, 6575.19, 19.0473, 1, 719.704, -485.433, 469.643, 1978, -1.55731, 1.42088, 12.3901, 6498, 12.0939, 1, 716.429, -459.403, 465.81, 1975, -1.50253, 1.42088, 12.3901, 6439.07, 0.0921088, 1, 712.868, -424.552, 460.963, 1973, -1.43662, 1.42088, 12.3901, 6368.18, 4.22803e-10, 1
715.948, -527.869, 476.02, 1982, -1.70245, 1.41262, 12.9923, 6464.74, 0.768312, 2, 719.704, -485.433, 469.643, 1978, -1.61818, 1.41262, 12.9923, 6375.13, 5.86779, 2, 721.643, -442.991, 462.231, 1976, -1.53957, 1.41262, 12.9923, 6291.55, 11.2093, 2, 718.118, -415.459, 457.867, 1974, -1.47979, 1.41262, 12.9923, 6227.98, 2.87894e-10, 2
979.542, -650.644, -821.961, 3702, -1.51601, 1.96021, 8.26073, 3422.69, 0.0770008, 3, 977.743, -613.988, -806.923, 3695, -1.46885, 1.96021, 8.26073, 3364.57, 12.6221, 3, 972.62, -589.919, -796.93, 3689, -1.4324, 1.96021, 8.26073, 3319.64, 2.1203, 3, 968.06, -555.396, -782.661, 3683, -1.38737, 1.96021, 8.26073, 3264.14, 0.860372, 3, 962.203, -531.209, -772.618, 3678, -1.35259, 1.96021, 8.26073, 3221.27, 13.4698, 3, 958.087, -502.527, -760.103, 3673, -1.31806, 1.96021, 8.26073, 3178.71, 9.42511, 3, 950.172, -480.765, -750.656, 3668, -1.28455, 1.96021, 8.26073, 3137.41, 4.25732e-10, 3
721.643, -442.991, 462.231, 1976, -1.46916, 1.41754, 12.1491, 6012.72, 0.0814604, 4, 718.118, -415.459, 457.867, 1974, -1.41799, 1.41754, 12.1491, 5957.41, 0.169697, 4, 713.724, -388.43, 453.729, 1972, -1.36857, 1.41754, 12.1491, 5903.99, 0.690671, 4, 707.527, -363.66, 449.631, 1970, -1.3205, 1.41754, 12.1491, 5852.02, 1.32813e-10, 4
721.643, -442.991, 462.231, 1976, -1.43948, 1.41885, 11.9633, 6194.87, 8.35079, 5, 718.118, -415.459, 457.867, 1974, -1.39076, 1.41885, 11.9633, 6141.99, 4.96269, 5, 713.724, -388.43, 453.729, 1972, -1.34364, 1.41885, 11.9633, 6090.85, 0.49615, 5, 707.527, -363.66, 449.631, 1970, -1.29758, 1.41885, 11.9633, 6040.86, 2.95455, 5, 699.811, -340.697, 445.697, 1967, -1.25246, 1.41885, 11.9633, 5991.89, 2.09807, 5, 690.409, -320.889, 442.378, 1963, -1.20865, 1.41885, 11.9633, 5944.34, 13.9212, 5, 682.836, -295.858, 438.675, 1962, -1.16552, 1.41885, 11.9633, 5897.54, 0.241012, 5, 675.673, -279.866, 435.739, 1956, -1.1338, 1.41885, 11.9633, 5863.11, 1.16975, 5, 667.716, -265.323, 433.488, 1953, -1.10247, 1.41885, 11.9633, 5829.1, 3.89991e-10, 5
958.087, -502.527, -760.103, 3673, -1.24442, 1.97745, 8.00771, 2914.38, 0.990427, 6, 950.172, -480.765, -750.656, 3668, -1.21394, 1.97745, 8.00771, 2876.3, 0.211192, 6, 941.654, -459.221, -741.233, 3663, -1.18354, 1.97745, 8.00771, 2838.32, 0.780119, 6, 933.23, -437.485, -731.223, 3658, -1.15395, 1.97745, 8.00771, 2801.34, 1.11521, 6, 923.387, -417.731, -721.821, 3653, -1.12438, 1.97745, 8.00771, 2764.4, 2.33852, 6, 913.807, -397.206, -710.752, 3648, -1.09538, 1.97745, 8.00771, 2728.17, 1.12286, 6, 905.876, -383.4, -704.328, 3643, -1.074, 1.97745, 8.00771, 2701.45, 1.42392e-10, 6
721.643, -442.991, 462.231, 1976, -1.43985, 1.41694, 12.1244, 6167.92, 8.52226, 7, 718.118, -415.459, 457.867, 1974, -1.39044, 1.41694, 12.1244, 6114.48, 4.66465, 7, 713.724, -388.43, 453.729, 1972, -1.3427, 1.41694, 12.1244, 6062.84, 0.262743, 7, 707.527, -363.66, 449.631, 1970, -1.29607, 1.41694, 12.1244, 6012.41, 2.56141, 7, 699.811, -340.697, 445.697, 1967, -1.25041, 1.41694, 12.1244, 5963.03, 1.56067, 7, 690.409, -320.889, 442.378, 1963, -1.20611, 1.41694, 12.1244, 5915.11, 14.9963, 7, 682.836, -295.858, 438.675, 1962, -1.1625, 1.41694, 12.1244, 5867.95, 0.336601, 7, 675.673, -279.866, 435.739, 1956, -1.13046, 1.41694, 12.1244, 5833.3, 1.1544, 7, 667.716, -265.323, 433.488, 1953, -1.09879, 1.41694, 12.1244, 5799.05, 0.546638, 7, 662.553, -255.28, 431.297, 1950, -1.07816, 1.41694, 12.1244, 5776.73, 0.269712, 7, 653.94, -241.535, 429.007, 1948, -1.04705, 1.41694, 12.1244, 5743.09, 1.15103, 7, 648.558, -231.324, 426.994, 1945, -1.0267, 1.41694, 12.1244, 5721.08, 1.12957e-10, 7
721.643, -442.991, 462.231, 1976, -1.4433, 1.41734, 11.941, 6031.49, 5.34504, 8, 718.118, -415.459, 457.867, 1974, -1.39446, 1.41734, 11.941, 5978.46, 2.80999, 8, 713.724, -388.43, 453.729, 1972, -1.34722, 1.41734, 11.941, 5927.16, 0.910721, 8, 707.527, -363.66, 449.631, 1970, -1.30105, 1.41734, 11.941, 5877.03, 4.94147, 8, 699.811, -340.697, 445.697, 1967, -1.25583, 1.41734, 11.941, 5827.92, 3.53398, 8, 690.409, -320.889, 442.378, 1963, -1.21192, 1.41734, 11.941, 5780.25, 13.106, 8, 682.836, -295.858, 438.675, 1962, -1.16872, 1.41734, 11.941, 5733.34, 0.135342, 8, 675.673, -279.866, 435.739, 1956, -1.13691, 1.41734, 11.941, 5698.79, 1.06304e-10, 8
721.643, -442.991, 462.231, 1976, -1.46513, 1.41718, 13.008, 6253.04, 0.0597847, 9, 718.118, -415.459, 457.867, 1974, -1.41076, 1.41718, 13.008, 6195.24, 0.556451, 9, 713.724, -388.43, 453.729, 1972, -1.35847, 1.41718, 13.008, 6139.65, 11.6515, 9, 707.527, -363.66, 449.631, 1970, -1.30769, 1.41718, 13.008, 6085.67, 25.5394, 9, 699.811, -340.697, 445.697, 1967, -1.29806, 1.41136, 12.907, 6037.98, 27.0563, 9, 690.409, -320.889, 442.378, 1963, -1.24881, 1.41136, 12.907, 5985.53, 0.342503, 9, 682.836, -295.858, 438.675, 1962, -1.20045, 1.41136, 12.907, 5934.03, 2.26131, 9, 675.673, -279.866, 435.739, 1956, -1.16509, 1.41136, 12.907, 5896.37, 1.06304e-10, 9
715.948, -527.869, 476.02, 1982, -1.66471, 1.41136, 12.907, 6428.46, 21.0677, 9, 716.429, -459.403, 465.81, 1975, -1.52696, 1.41136, 12.907, 6281.75, 6.35453, 9, 712.868, -424.552, 460.963, 1973, -1.45609, 1.41136, 12.907, 6206.28, 1.65258, 9, 709.195, -396.714, 455.9, 1971, -1.40185, 1.41136, 12.907, 6148.51, 1.28841, 9, 703.323, -371.566, 451.205, 1969, -1.34905, 1.41136, 12.907, 6092.28, 17.0071, 9, 699.811, -340.697, 445.697, 1967, -1.29806, 1.41136, 12.907, 6037.98, 27.0563, 9, 690.409, -320.889, 442.378, 1963, -1.24881, 1.41136, 12.907, 5985.53, 0.342503, 9, 682.836, -295.858, 438.675, 1962, -1.20045, 1.41136, 12.907, 5934.03, 2.26131, 9, 675.673, -279.866, 435.739, 1956, -1.16509, 1.41136, 12.907, 5896.37, 1.06304e-10, 9
923.387, -417.731, -721.821, 3653, -1.04678, 1.99173, 6.69996, 2385.62, 24.0018, 10, 913.807, -397.206, -710.752, 3648, -1.02372, 1.99173, 6.69996, 2354.19, 6.09637, 10, 905.876, -383.4, -704.328, 3643, -1.00665, 1.99173, 6.69996, 2330.92, 3.53405, 10, 894.895, -364.93, -695.222, 3638, -0.983688, 1.99173, 6.69996, 2299.61, 2.20279, 10, 883.132, -348.396, -686.67, 3632, -0.961075, 1.99173, 6.69996, 2268.78, 1.14473, 10, 870.894, -332.918, -679.042, 3626, -0.938736, 1.99173, 6.69996, 2238.33, 3.60029, 10, 858.357, -317.367, -669.473, 3620, -0.91627, 1.99173, 6.69996, 2207.7, 6.76104, 10, 846.132, -300.958, -658.521, 3615, -0.894123, 1.99173, 6.69996, 2177.51, 1.23062e-09, 10
713.724, -388.43, 453.729, 1972, -1.30503, 1.41243, 11.6024, 5330.99, 28.711, 11, 699.811, -340.697, 445.697, 1967, -1.21953, 1.41243, 11.6024, 5237.43, 26.2918, 11, 682.836, -295.858, 438.675, 1962, -1.10849, 1.41358, 11.3971, 5140.5, 4.92173, 11, 675.673, -279.866, 435.739, 1956, -1.07954, 1.41358, 11.3971, 5108.66, 1.28493, 11, 667.716, -265.323, 433.488, 1953, -1.05098, 1.41358, 11.3971, 5077.25, 1.79706, 11, 662.553, -255.28, 431.297, 1950, -1.0323, 1.41358, 11.3971, 5056.7, 0.179, 11, 653.94, -241.535, 429.007, 1948, -1.00411, 1.41358, 11.3971, 5025.7, 0.370569, 11, 648.558, -231.324, 426.994, 1945, -0.985598, 1.41358, 11.3971, 5005.34, 3.005, 11, 638.973, -220.176, 424.576, 1943, -0.958263, 1.41358, 11.3971, 4975.27, 0.644443, 11, 633.277, -210.037, 422.65, 1941, -0.939895, 1.41358, 11.3971, 4955.07, 2.86911, 11, 623.569, -198.413, 420.174, 1938, -0.912788, 1.41358, 11.3971, 4925.26, 0.641159, 11, 616.999, -190.966, 418.517, 1935, -0.894994, 1.41358, 11.3971, 4905.69, 1.97332e-10, 11
702.572, -335.035, 444.426, 1968, -1.18721, 1.41358, 11.3971, 5227.07, 5.89267, 11, 682.836, -295.858, 438.675, 1962, -1.10849, 1.41358, 11.3971, 5140.5, 4.92173, 11, 675.673, -279.866, 435.739, 1956, -1.07954, 1.41358, 11.3971, 5108.66, 1.28493, 11, 667.716, -265.323, 433.488, 1953, -1.05098, 1.41358, 11.3971, 5077.25, 1.79706, 11, 662.553, -255.28, 431.297, 1950, -1.0323, 1.41358, 11.3971, 5056.7, 0.179, 11, 653.94, -241.535, 429.007, 1948, -1.00411, 1.41358, 11.3971, 5025.7, 0.370569, 11, 648.558, -231.324, 426.994, 1945, -0.985598, 1.41358, 11.3971, 5005.34, 3.005, 11, 638.973, -220.176, 424.576, 1943, -0.958263, 1.41358, 11.3971, 4975.27, 0.644443, 11, 633.277, -210.037, 422.65, 1941, -0.939895, 1.41358, 11.3971, 4955.07, 2.86911, 11, 623.569, -198.413, 420.174, 1938, -0.912788, 1.41358, 11.3971, 4925.26, 0.641159, 11, 616.999, -190.966, 418.517, 1935, -0.894994, 1.41358, 11.3971, 4905.69, 1.97332e-10, 11
713.724, -388.43, 453.729, 1972, -1.30833, 1.41302, 11.7646, 5580.34, 24.7413, 12, 699.811, -340.697, 445.697, 1967, -1.22143, 1.41302, 11.7646, 5485.59, 23.6248, 12, 682.836, -295.858, 438.675, 1962, -1.10992, 1.41454, 11.5664, 5387.78, 4.45322, 12, 675.673, -279.866, 435.739, 1956, -1.08052, 1.41454, 11.5664, 5355.57, 1.01737, 12, 667.716, -265.323, 433.488, 1953, -1.05152, 1.41454, 11.5664, 5323.81, 1.82094, 12, 662.553, -255.28, 431.297, 1950, -1.03255, 1.41454, 11.5664, 5303.04, 0.100599, 12, 653.94, -241.535, 429.007, 1948, -1.00395, 1.41454, 11.5664, 5271.71, 0.546236, 12, 648.558, -231.324, 426.994, 1945, -0.985167, 1.41454, 11.5664, 5251.14, 3.13939, 12, 638.973, -220.176, 424.576, 1943, -0.957441, 1.41454, 11.5664, 5220.77, 0.757605, 12, 633.277, -210.037, 422.65, 1941, -0.938815, 1.41454, 11.5664, 5200.37, 2.8615, 12, 623.569, -198.413, 420.174, 1938, -0.911334, 1.41454, 11.5664, 5170.27, 0.637203, 12, 616.999, -190.966, 418.517, 1935, -0.893296, 1.41454, 11.5664, 5150.51, 1.97332e-10, 12
702.572, -335.035, 444.426, 1968, -1.18994, 1.41454, 11.5664, 5475.42, 6.1355, 12, 682.836, -295.858, 438.675, 1962, -1.10992, 1.41454, 11.5664, 5387.78, 4.45322, 12, 675.673, -279.866, 435.739, 1956, -1.08052, 1.41454, 11.5664, 5355.57, 1.01737, 12, 667.716, -265.323, 433.488, 1953, -1.05152, 1.41454, 11.5664, 5323.81, 1.82094, 12, 662.553, -255.28, 431.297, 1950, -1.03255, 1.41454, 11.5664, 5303.04, 0.100599, 12, 653.94, -241.535, 429.007, 1948, -1.00395, 1.41454, 11.5664, 5271.71, 0.546236, 12, 648.558, -231.324, 426.994, 1945, -0.985167, 1.41454, 11.5664, 5251.14, 3.13939, 12, 638.973, -220.176, 424.576, 1943, -0.957441, 1.41454, 11.5664, 5220.77, 0.757605, 12, 633.277, -210.037, 422.65, 1941, -0.938815, 1.41454, 11.5664, 5200.37, 2.8615, 12, 623.569, -198.413, 420.174, 1938, -0.911334, 1.41454, 11.5664, 5170.27, 0.637203, 12, 616.999, -190.966, 418.517, 1935, -0.893296, 1.41454, 11.5664, 5150.51, 1.97332e-10, 12
702.572, -335.035, 444.426, 1968, -1.1842, 1.41369, 11.6624, 5336.58, 3.49558, 13, 682.836, -295.858, 438.675, 1962, -1.10388, 1.41369, 11.6624, 5248.81, 9.3841, 13, 675.673, -279.866, 435.739, 1956, -1.07436, 1.41369, 11.6624, 5216.55, 4.60971, 13, 667.716, -265.323, 433.488, 1953, -1.04527, 1.41369, 11.6624, 5184.76, 6.83503, 13, 653.94, -241.535, 429.007, 1948, -0.997557, 1.41369, 11.6624, 5132.62, 2.26591, 13, 648.558, -231.324, 426.994, 1945, -0.978715, 1.41369, 11.6624, 5112.03, 0.699361, 13, 638.973, -220.176, 424.576, 1943, -0.950929, 1.41369, 11.6624, 5081.66, 1.84355, 13, 633.277, -210.037, 422.65, 1941, -0.932248, 1.41369, 11.6624, 5061.25, 2.157, 13, 623.569, -198.413, 420.174, 1938, -0.904672, 1.41369, 11.6624, 5031.11, 1.69763, 13, 616.999, -190.966, 418.517, 1935, -0.886568, 1.41369, 11.6624, 5011.33, 1.34929, 13, 606.787, -180.332, 416.314, 1932, -0.859376, 1.41369, 11.6624, 4981.61, 2.04084e-10, 13
721.643, -442.991, 462.231, 1976, -1.43819, 1.41522, 12.3411, 5896.5, 13.0321, 14, 718.118, -415.459, 457.867, 1974, -1.38797, 1.41522, 12.3411, 5842.43, 8.83796, 14, 713.724, -388.43, 453.729, 1972, -1.33949, 1.41522, 12.3411, 5790.24, 0.352028, 14, 707.527, -363.66, 449.631, 1970, -1.2922, 1.41522, 12.3411, 5739.32, 0.259635, 14, 699.811, -340.697, 445.697, 1967, -1.24592, 1.41522, 12.3411, 5689.49, 0.279429, 14, 690.409, -320.889, 442.378, 1963, -1.20104, 1.41522, 12.3411, 5641.17, 26.2583, 14, 682.836, -295.858, 438.675, 1962, -1.1569, 1.41522, 12.3411, 5593.65, 0.446042, 14, 675.673, -279.866, 435.739, 1956, -1.12451, 1.41522, 12.3411, 5558.77, 0.116069, 14, 667.716, -265.323, 433.488, 1953, -1.09247, 1.41522, 12.3411, 5524.27, 0.295773, 14, 662.553, -255.28, 431.297, 1950, -1.07158, 1.41522, 12.3411, 5501.79, 0.376299, 14, 653.94, -241.535, 429.007, 1948, -1.04018, 1.41522, 12.3411, 5467.97, 0.213301, 14, 648.558, -231.324, 426.994, 1945, -1.01958, 1.41522, 12.3411, 5445.8, 3.00192, 14, 638.973, -220.176, 424.576, 1943, -0.989165, 1.41522, 12.3411, 5413.05, 2.83311, 14, 633.277, -210.037, 422.65, 1941, -0.968829, 1.41522, 12.3411, 5391.15, 2.88232e-10, 14
702.572, -335.035, 444.426, 1968, -1.19398, 1.41496, 11.2016, 5116.74, 12.5035, 15, 682.836, -295.858, 438.675, 1962, -1.1535, 1.41434, 11.422, 5038.14, 1.15068, 15, 675.673, -279.866, 435.739, 1956, -1.12361, 1.41434, 11.422, 5005.29, 0.183041, 15, 667.716, -265.323, 433.488, 1953, -1.09396, 1.41434, 11.422, 4972.69, 0.17236, 15, 662.553, -255.28, 431.297, 1950, -1.0746, 1.41434, 11.422, 4951.41, 0.380111, 15, 653.94, -241.535, 429.007, 1948, -1.04546, 1.41434, 11.422, 4919.38, 0.0411414, 15, 648.558, -231.324, 426.994, 1945, -1.02632, 1.41434, 11.422, 4898.33, 3.08073, 15, 638.973, -220.176, 424.576, 1943, -0.99799, 1.41434, 11.422, 4867.2, 2.67889, 15, 633.277, -210.037, 422.65, 1941, -0.979031, 1.41434, 11.422, 4846.36, 2.88232e-10, 15
718.118, -415.459, 457.867, 1974, -1.36458, 1.41434, 11.422, 5270.15, 26.5974, 15, 713.724, -388.43, 453.729, 1972, -1.3206, 1.41434, 11.422, 5221.82, 8.45708, 15, 707.527, -363.66, 449.631, 1970, -1.27762, 1.41434, 11.422, 5174.57, 4.59442, 15, 699.811, -340.697, 445.697, 1967, -1.23529, 1.41434, 11.422, 5128.04, 11.8598, 15, 682.836, -295.858, 438.675, 1962, -1.1535, 1.41434, 11.422, 5038.14, 1.15068, 15, 675.673, -279.866, 435.739, 1956, -1.12361, 1.41434, 11.422, 5005.29, 0.183041, 15, 667.716, -265.323, 433.488, 1953, -1.09396, 1.41434, 11.422, 4972.69, 0.17236, 15, 662.553, -255.28, 431.297, 1950, -1.0746, 1.41434, 11.422, 4951.41, 0.380111, 15, 653.94, -241.535, 429.007, 1948, -1.04546, 1.41434, 11.422, 4919.38, 0.0411414, 15, 648.558, -231.324, 426.994, 1945, -1.02632, 1.41434, 11.422, 4898.33, 3.08073, 15, 638.973, -220.176, 424.576, 1943, -0.99799, 1.41434, 11.422, 4867.2, 2.67889, 15, 633.277, -210.037, 422.65, 1941, -0.979031, 1.41434, 11.422, 4846.36, 2.88232e-10, 15
721.643, -442.991, 462.231, 1976, -1.43408, 1.41616, 11.8488, 5718.86, 12.3135, 16, 718.118, -415.459, 457.867, 1974, -1.38606, 1.41616, 11.8488, 5666.61, 7.11565, 16, 713.724, -388.43, 453.729, 1972, -1.33959, 1.41616, 11.8488, 5616.05, 0.0176111, 16, 707.527, -363.66, 449.631, 1970, -1.29415, 1.41616, 11.8488, 5566.6, 1.38871, 16, 699.811, -340.697, 445.697, 1967, -1.2496, 1.41616, 11.8488, 5518.12, 0.923513, 16, 690.409, -320.889, 442.378, 1963, -1.20632, 1.41616, 11.8488, 5471.04, 18.0951, 16, 682.836, -295.858, 438.675, 1962, -1.16369, 1.41616, 11.8488, 5424.65, 0.0147802, 16, 675.673, -279.866, 435.739, 1956, -1.13235, 1.41616, 11.8488, 5390.55, 0.603604, 16, 667.716, -265.323, 433.488, 1953, -1.10135, 1.41616, 11.8488, 5356.81, 0.183504, 16, 662.553, -255.28, 431.297, 1950, -1.08113, 1.41616, 11.8488, 5334.81, 0.123072, 16, 653.94, -241.535, 429.007, 1948, -1.05065, 1.41616, 11.8488, 5301.64, 1.22457, 16, 648.558, -231.324, 426.994, 1945, -1.0307, 1.41616, 11.8488, 5279.94, 1.12957e-10, 16
581.555, -142.638, 409.451, 70, -0.537364, 1.38446, 6.24877, 2653.59, 12.1463, 17, 569.634, -137.436, 407.198, 65, -0.52462, 1.38446, 6.24877, 2635.54, 10.5266, 17, 545.982, -126.312, 403.649, 55, -0.4992, 1.38446, 6.24877, 2599.53, 12.3871, 17, 534.592, -118.214, 401.119, 50, -0.486469, 1.38446, 6.24877, 2581.49, 5.05569, 17, 522.681, -112.563, 398.925, 45, -0.473785, 1.38446, 6.24877, 2563.52, 8.9635, 17, 511.081, -105.453, 397.512, 40, -0.461146, 1.38446, 6.24877, 2545.62, 1.68651, 17, 495.369, -97.127, 393.819, 35, -0.444358, 1.38446, 6.24877, 2521.84, 0.105825, 17, 483.371, -91.4781, 390.663, 30, -0.431757, 1.38446, 6.24877, 2503.99, 0.451253, 17, 471.296, -86.1047, 388.399, 25, -0.419143, 1.38446, 6.24877, 2486.12, 0.0278974, 17, 459.182, -80.9481, 385.809, 20, -0.406568, 1.38446, 6.24877, 2468.3, 0.2256, 17, 446.963, -76.3887, 383.011, 15, -0.394031, 1.38446, 6.24877, 2450.54, 0.20872, 17, 438.931, -72.7019, 380.984, 10, -0.385691, 1.38446, 6.24877, 2438.73, 0.433179, 17, 426.645, -68.5263, 377.999, 5, -0.37321, 1.38446, 6.24877, 2421.05, 2.66378e-10, 17
581.555, -142.638, 409.451, 70, -0.519723, 1.38489, 5.10632, 2502.4, 8.03612, 18, 569.634, -137.436, 407.198, 65, -0.509358, 1.38489, 5.10632, 2485.77, 10.1775, 18, 545.982, -126.312, 403.649, 55, -0.488658, 1.38489, 5.10632, 2452.56, 16.6496, 18, 534.592, -118.214, 401.119, 50, -0.478283, 1.38489, 5.10632, 2435.91, 6.30787, 18, 522.681, -112.563, 398.925, 45, -0.467939, 1.38489, 5.10632, 2419.32, 11.2089, 18, 511.081, -105.453, 397.512, 40, -0.457625, 1.38489, 5.10632, 2402.77, 3.05171, 18, 495.369, -97.127, 393.819, 35, -0.443916, 1.38489, 5.10632, 2380.78, 0.40755, 18, 483.371, -91.4781, 390.663, 30, -0.433628, 1.38489, 5.10632, 2364.27, 0.280184, 18, 471.296, -86.1047, 388.399, 25, -0.423315, 1.38489, 5.10632, 2347.73, 0.0339628, 18, 459.182, -80.9481, 385.809, 20, -0.413028, 1.38489, 5.10632, 2331.22, 0.327213, 18, 446.963, -76.3887, 383.011, 15, -0.402767, 1.38489, 5.10632, 2314.76, 0.317142, 18, 438.931, -72.7019, 380.984, 10, -0.39594, 1.38489, 5.10632, 2303.81, 0.497089, 18, 426.645, -68.5263, 377.999, 5, -0.385718, 1.38489, 5.10632, 2287.41, 2.66378e-10, 18
581.555, -142.638, 409.451, 70, -0.543693, 1.38883, 6.47016, 2833.48, 12.3334, 19, 569.634, -137.436, 407.198, 65, -0.530485, 1.38883, 6.47016, 2815.13, 8.22491, 19, 545.982, -126.312, 403.649, 55, -0.504149, 1.38883, 6.47016, 2778.54, 8.65071, 19, 534.592, -118.214, 401.119, 50, -0.490959, 1.38883, 6.47016, 2760.22, 2.80111, 19, 522.681, -112.563, 398.925, 45, -0.47782, 1.38883, 6.47016, 2741.96, 5.99345, 19, 511.081, -105.453, 397.512, 40, -0.464729, 1.38883, 6.47016, 2723.78, 1.13161, 19, 495.369, -97.127, 393.819, 35, -0.447344, 1.38883, 6.47016, 2699.62, 0.158133, 19, 483.371, -91.4781, 390.663, 30, -0.43429, 1.38883, 6.47016, 2681.49, 0.0903917, 19, 471.296, -86.1047, 388.399, 25, -0.421229, 1.38883, 6.47016, 2663.34, 0.0950058, 19, 459.182, -80.9481, 385.809, 20, -0.40821, 1.38883, 6.47016, 2645.26, 0.233574, 19, 446.963, -76.3887, 383.011, 15, -0.395232, 1.38883, 6.47016, 2627.22, 0.419142, 19, 438.931, -72.7019, 380.984, 10, -0.386601, 1.38883, 6.47016, 2615.23, 1.19936e-10, 19
581.555, -142.638, 409.451, 70, -0.53501, 1.3873, 5.87566, 2588.73, 10.9935, 20, 569.634, -137.436, 407.198, 65, -0.52304, 1.3873, 5.87566, 2571.15, 9.27436, 20, 545.982, -126.312, 403.649, 55, -0.499158, 1.3873, 5.87566, 2536.08, 11.2129, 20, 534.592, -118.214, 401.119, 50, -0.487192, 1.3873, 5.87566, 2518.51, 4.4194, 20, 522.681, -112.563, 398.925, 45, -0.475268, 1.3873, 5.87566, 2501, 8.13916, 20, 511.081, -105.453, 397.512, 40, -0.463385, 1.3873, 5.87566, 2483.55, 1.36288, 20, 495.369, -97.127, 393.819, 35, -0.447597, 1.3873, 5.87566, 2460.37, 0.0548604, 20, 483.371, -91.4781, 390.663, 30, -0.435743, 1.3873, 5.87566, 2442.97, 0.519838, 20, 471.296, -86.1047, 388.399, 25, -0.423875, 1.3873, 5.87566, 2425.54, 0.0244752, 20, 459.182, -80.9481, 385.809, 20, -0.412043, 1.3873, 5.87566, 2408.17, 0.0574039, 20, 446.963, -76.3887, 383.011, 15, -0.400245, 1.3873, 5.87566, 2390.84, 0.344842, 20, 438.931, -72.7019, 380.984, 10, -0.392397, 1.3873, 5.87566, 2379.32, 1.19936e-10, 20
581.555, -142.638, 409.451, 70, -0.553465, 1.38791, 7.14428, 2876.44, 16.3954, 21, 569.634, -137.436, 407.198, 65, -0.538837, 1.38791, 7.14428, 2857.15, 10.6257, 21, 545.982, -126.312, 403.649, 55, -0.509696, 1.38791, 7.14428, 2818.72, 7.47619, 21, 534.592, -118.214, 401.119, 50, -0.495109, 1.38791, 7.14428, 2799.49, 3.16149, 21, 522.681, -112.563, 398.925, 45, -0.480585, 1.38791, 7.14428, 2780.33, 5.77867, 21, 511.081, -105.453, 397.512, 40, -0.46612, 1.38791, 7.14428, 2761.26, 0.609683, 21, 495.369, -97.127, 393.819, 35, -0.446918, 1.38791, 7.14428, 2735.94, 0.00617399, 21, 483.371, -91.4781, 390.663, 30, -0.432501, 1.38791, 7.14428, 2716.93, 0.36602, 21, 471.296, -86.1047, 388.399, 25, -0.418087, 1.38791, 7.14428, 2697.92, 0.0317303, 21, 459.182, -80.9481, 385.809, 20, -0.403724, 1.38791, 7.14428, 2678.98, 0.0997616, 21, 446.963, -76.3887, 383.011, 15, -0.389409, 1.38791, 7.14428, 2660.1, 0.379557, 21, 438.931, -72.7019, 380.984, 10, -0.379891, 1.38791, 7.14428, 2647.55, 1.19936e-10, 21
581.555, -142.638, 409.451, 70, -0.562383, 1.38799, 7.77517, 3010.34, 19.7303, 22, 569.634, -137.436, 407.198, 65, -0.546423, 1.38799, 7.77517, 2990.14, 12.1473, 22, 545.982, -126.312, 403.649, 55, -0.514651, 1.38799, 7.77517, 2949.91, 6.29496, 22, 534.592, -118.214, 401.119, 50, -0.498756, 1.38799, 7.77517, 2929.78, 2.98539, 22, 522.681, -112.563, 398.925, 45, -0.482936, 1.38799, 7.77517, 2909.75, 5.20069, 22, 511.081, -105.453, 397.512, 40, -0.467187, 1.38799, 7.77517, 2889.81, 0.448743, 22, 495.369, -97.127, 393.819, 35, -0.446289, 1.38799, 7.77517, 2863.35, 0.00924763, 22, 483.371, -91.4781, 390.663, 30, -0.430597, 1.38799, 7.77517, 2843.48, 0.356444, 22, 471.296, -86.1047, 388.399, 25, -0.414921, 1.38799, 7.77517, 2823.63, 0.0202003, 22, 459.182, -80.9481, 385.809, 20, -0.399304, 1.38799, 7.77517, 2803.86, 0.0911395, 22, 446.963, -76.3887, 383.011, 15, -0.383743, 1.38799, 7.77517, 2784.16, 0.413566, 22, 438.931, -72.7019, 380.984, 10, -0.373397, 1.38799, 7.77517, 2771.06, 1.19936e-10, 22
777.13, 677.062, 724.795, 727, -0.22091, 1.22646, 10.0509, 3838.87, 1.41376, 23, 708.399, 688.444, 702.251, 555, -0.10922, 1.22646, 10.0509, 3711.16, 11.5724, 23, 637.303, 692.125, 674.126, 980, 0.00483733, 1.22646, 10.0509, 3580.74, 4.26527e-10, 23
