# format: (x, y, z, hit-index, phi, theta, q/p, t, chi2, seed-index)+
-259.291, -810.559, 786.108, 2134, -0.781547, 1.2016, -13.1333, 4753.67, 3.4419, 0, -299.634, -764.511, 761.351, 2127, -0.911914, 1.2016, -13.1333, 4615.4, 1.112, 0, -323.011, -731.581, 745.871, 2121, -0.997055, 1.2016, -13.1333, 4525.09, 2.03615, 0, -341.867, -699.24, 730.792, 2117, -1.07681, 1.2016, -13.1333, 4440.5, 0.392911, 0, -358.15, -666.881, 717.308, 2106, -1.15228, 1.2016, -13.1333, 4360.45, 3.44301e-10, 0
-126.329, -884.792, 849.352, 2570, -0.370661, 1.17945, -13.4482, 5061.46, 26.3558, 1, -168.069, -864.892, 830.592, 2548, -0.478497, 1.17945, -13.4482, 4947.66, 2.74992, 1, -237.411, -821.678, 797.379, 2136, -0.652823, 1.17945, -13.4482, 4763.72, 5.00524, 1, -244.657, -815.154, 793.35, 2135, -0.677529, 1.17945, -13.4482, 4737.65, 8.14626, 1, -299.634, -764.511, 761.351, 2127, -0.836432, 1.17945, -13.4482, 4570.01, 1.82709, 1, -333.401, -722.275, 739.129, 2120, -0.954528, 1.17945, -13.4482, 4445.43, 8.91499e-10, 1
-399.046, -894.269, 732.093, 2173, 2.87667, 1.2524, 12.821, 5037.32, 8.10854, 2, -297.986, -910.361, 698.313, 2154, 3.07793, 1.2507, 12.9627, 4824.68, 28.4258, 2, -190.807, -903.766, 663.749, 2600, -2.97854, 1.2507, 12.9627, 4583.38, 6.76589, 2, -60.1598, -866.026, 617.626, 2555, -2.70916, 1.2507, 12.9627, 4296.79, 26.96, 2, 1.94031, -829.638, 594.444, 2528, -2.55732, 1.2507, 12.9627, 4135.22, 24.1896, 2, 49.0014, -793.953, 574.61, 2513, -2.43708, 1.2507, 12.9627, 4007.23, 1.15007e-09, 2
-406.25, -891.062, 736.292, 2172, 2.85357, 1.2507, 12.9627, 5063.37, 2.06186, 2, -297.986, -910.361, 698.313, 2154, 3.07793, 1.2507, 12.9627, 4824.68, 28.4258, 2, -190.807, -903.766, 663.749, 2600, -2.97854, 1.2507, 12.9627, 4583.38, 6.76589, 2, -60.1598, -866.026, 617.626, 2555, -2.70916, 1.2507, 12.9627, 4296.79, 26.96, 2, 1.94031, -829.638, 594.444, 2528, -2.55732, 1.2507, 12.9627, 4135.22, 24.1896, 2, 49.0014, -793.953, 574.61, 2513, -2.43708, 1.2507, 12.9627, 4007.23, 1.15007e-09, 2
-420.503, -879.68, 742.147, 2171, 2.79071, 1.24792, 13.3622, 5149.87, 13.804, 3, -360.976, -896.493, 721.716, 2160, 2.91079, 1.24781, 13.6115, 5026.66, 9.04644, 3, -190.807, -903.766, 663.749, 2600, -2.99137, 1.25072, 13.2422, 4621.76, 6.51351, 3, -60.1598, -866.026, 617.626, 2555, -2.71204, 1.25072, 13.2422, 4326.05, 27.3203, 3, 1.94031, -829.638, 594.444, 2528, -2.55643, 1.25072, 13.2422, 4161.29, 24.2137, 3, 49.0014, -793.953, 574.61, 2513, -2.43375, 1.25072, 13.2422, 4031.39, 1.15007e-09, 3
-436.863, -871.701, 748.542, 2170, 2.74158, 1.24781, 13.6115, 5204.72, 6.85595, 3, -360.976, -896.493, 721.716, 2160, 2.91079, 1.24781, 13.6115, 5026.66, 9.04644, 3, -190.807, -903.766, 663.749, 2600, -2.99137, 1.25072, 13.2422, 4621.76, 6.51351, 3, -60.1598, -866.026, 617.626, 2555, -2.71204, 1.25072, 13.2422, 4326.05, 27.3203, 3, 1.94031, -829.638, 594.444, 2528, -2.55643, 1.25072, 13.2422, 4161.29, 24.2137, 3, 49.0014, -793.953, 574.61, 2513, -2.43375, 1.25072, 13.2422, 4031.39, 1.15007e-09, 3
-348.944, -901.354, 716.291, 2161, 2.9575, 1.25072, 13.2422, 4975.7, 1.84392, 3, -190.807, -903.766, 663.749, 2600, -2.99137, 1.25072, 13.2422, 4621.76, 6.51351, 3, -60.1598, -866.026, 617.626, 2555, -2.71204, 1.25072, 13.2422, 4326.05, 27.3203, 3, 1.94031, -829.638, 594.444, 2528, -2.55643, 1.25072, 13.2422, 4161.29, 24.2137, 3, 49.0014, -793.953, 574.61, 2513, -2.43375, 1.25072, 13.2422, 4031.39, 1.15007e-09, 3
1.94031, -829.638, 594.444, 2528, -2.60832, 1.24999, 13.3348, 4370.48, 9.51323, 4, 28.7654, -812.028, 585.034, 2519, -2.53945, 1.24999, 13.3348, 4297.69, 18.2486, 4, 49.0014, -793.953, 574.61, 2513, -2.47423, 1.24999, 13.3348, 4228.74, 27.352, 4, 76.2843, -774.607, 562.836, 2504, -2.41201, 1.24999, 13.3348, 4162.98, 4.80657, 4, 131.934, -714.99, 536.027, 2467, -2.23941, 1.24999, 13.3348, 3980.54, 6.31577e-10, 4
-144.89, -882.002, 647.801, 2573, -2.92171, 1.24152, 12.6786, 4312.36, 7.465, 5, -90.3223, -867.7, 629.928, 2553, -2.813, 1.24152, 12.6786, 4196.09, 0.477996, 5, -80.7093, -864.411, 625.99, 2554, -2.79299, 1.24152, 12.6786, 4174.68, 29.855, 5, 67.2063, -775.561, 567.352, 2503, -2.43684, 1.24152, 12.6786, 3793.73, 6.01521, 5, 105.481, -740.943, 549.336, 2486, -2.33575, 1.24152, 12.6786, 3685.61, 12.4137, 5, 119.485, -725.867, 542.199, 2476, -2.29446, 1.24152, 12.6786, 3641.45, 29.5749, 5, 131.934, -714.99, 536.027, 2467, -2.2674, 1.24152, 12.6786, 3612.51, 1.27398, 5, 150.885, -689.356, 524.885, 2450, -2.20164, 1.24152, 12.6786, 3542.19, 8.03559e-10, 5
-464.394, -876.686, 757.581, 2183, 2.75227, 1.25114, 12.5593, 5008.79, 23.0902, 6, -383.308, -901.302, 726.63, 2174, 2.91427, 1.25251, 12.725, 4838.15, 5.25903, 6, -339.512, -909.439, 711.946, 2162, 3.00301, 1.25251, 12.725, 4743.31, 21.1621, 6, -168.371, -903.908, 655.157, 2601, -2.92823, 1.25279, 12.5085, 4364.95, 14.2387, 6, -60.1598, -866.026, 617.626, 2555, -2.69766, 1.25279, 12.5085, 4117.52, 6.98041, 6, 1.94031, -829.638, 594.444, 2528, -2.55192, 1.25279, 12.5085, 3961.14, 10.7403, 6, 28.7654, -812.028, 585.034, 2519, -2.4919, 1.25279, 12.5085, 3896.74, 24.1168, 6, 76.2843, -774.607, 562.836, 2504, -2.37905, 1.25279, 12.5085, 3775.64, 2.76577, 6, 105.481, -740.943, 549.336, 2486, -2.28619, 1.25279, 12.5085, 3676, 7.92719, 6, 119.485, -725.867, 542.199, 2476, -2.24809, 1.25279, 12.5085, 3635.12, 1.11049, 6, 137.707, -700.898, 531.546, 2458, -2.1861, 1.25279, 12.5085, 3568.6, 6.31325e-10, 6
-481.897, -867.379, 762.055, 2182, 2.7054, 1.25251, 12.725, 5061.35, 7.77795, 6, -383.308, -901.302, 726.63, 2174, 2.91427, 1.25251, 12.725, 4838.15, 5.25903, 6, -339.512, -909.439, 711.946, 2162, 3.00301, 1.25251, 12.725, 4743.31, 21.1621, 6, -168.371, -903.908, 655.157, 2601, -2.92823, 1.25279, 12.5085, 4364.95, 14.2387, 6, -60.1598, -866.026, 617.626, 2555, -2.69766, 1.25279, 12.5085, 4117.52, 6.98041, 6, 1.94031, -829.638, 594.444, 2528, -2.55192, 1.25279, 12.5085, 3961.14, 10.7403, 6, 28.7654, -812.028, 585.034, 2519, -2.4919, 1.25279, 12.5085, 3896.74, 24.1168, 6, 76.2843, -774.607, 562.836, 2504, -2.37905, 1.25279, 12.5085, 3775.64, 2.76577, 6, 105.481, -740.943, 549.336, 2486, -2.28619, 1.25279, 12.5085, 3676, 7.92719, 6, 119.485, -725.867, 542.199, 2476, -2.24809, 1.25279, 12.5085, 3635.12, 1.11049, 6, 137.707, -700.898, 531.546, 2458, -2.1861, 1.25279, 12.5085, 3568.6, 6.31325e-10, 6
-446.937, -885.813, 749.144, 2185, 2.79969, 1.25279, 12.5085, 4960.83, 18.5417, 6, -329.922, -912.929, 708.415, 2163, 3.0322, 1.25279, 12.5085, 4711.3, 0.793591, 6, -168.371, -903.908, 655.157, 2601, -2.92823, 1.25279, 12.5085, 4364.95, 14.2387, 6, -60.1598, -866.026, 617.626, 2555, -2.69766, 1.25279, 12.5085, 4117.52, 6.98041, 6, 1.94031, -829.638, 594.444, 2528, -2.55192, 1.25279, 12.5085, 3961.14, 10.7403, 6, 28.7654, -812.028, 585.034, 2519, -2.4919, 1.25279, 12.5085, 3896.74, 24.1168, 6, 76.2843, -774.607, 562.836, 2504, -2.37905, 1.25279, 12.5085, 3775.64, 2.76577, 6, 105.481, -740.943, 549.336, 2486, -2.28619, 1.25279, 12.5085, 3676, 7.92719, 6, 119.485, -725.867, 542.199, 2476, -2.24809, 1.25279, 12.5085, 3635.12, 1.11049, 6, 137.707, -700.898, 531.546, 2458, -2.1861, 1.25279, 12.5085, 3568.6, 6.31325e-10, 6
185.091, -605.423, -620.348, 5470, -0.248022, 2.17495, -14.9581, 2610.78, 2.99401, 7, 147.632, -593.528, -596.351, 5051, -0.355929, 2.17495, -14.9581, 2499.38, 25.9121, 7, 95.9585, -569.4, -553.191, 5030, -0.511974, 2.17495, -14.9581, 2338.28, 7.10437e-12, 7
199.955, -791.964, -876.283, 5180, -2.26096, 2.15349, 10.7212, 2906.69, 4.17884, 8, 217.298, -769.631, -856.419, 5588, -2.20645, 2.15349, 10.7212, 2845.64, 11.2421, 8, 232.344, -742.899, -835.62, 5576, -2.14087, 2.15349, 10.7212, 2772.2, 22.3195, 8, 256.391, -707.675, -808.376, 5562, -2.06521, 2.15349, 10.7212, 2687.47, 9.92623e-10, 8
-420.503, -879.68, 742.147, 2171, 2.81918, 1.24724, 12.6978, 5024.77, 15.2404, 9, -360.976, -896.493, 721.716, 2160, 2.93411, 1.24724, 12.6978, 4901.9, 26.2761, 9, -270.734, -905.516, 692.088, 2148, 3.12502, 1.24724, 12.6978, 4697.78, 6.87281, 9, -214.159, -902.975, 672.254, 2599, -3.04289, 1.24724, 12.6978, 4574.52, 1.20777, 9, -119.995, -885.682, 639.208, 2574, -2.8553, 1.24724, 12.6978, 4373.97, 17.8172, 9, 1.94031, -829.638, 594.444, 2528, -2.58174, 1.24724, 12.6978, 4081.45, 0.838214, 9, 28.7654, -812.028, 585.034, 2519, -2.51827, 1.24724, 12.6978, 4013.59, 13.867, 9, 76.2843, -774.607, 562.836, 2504, -2.39949, 1.24724, 12.6978, 3886.61, 4.06071, 9, 131.934, -714.99, 536.027, 2467, -2.23659, 1.24724, 12.6978, 3712.47, 2.47712, 9, 150.885, -689.356, 524.885, 2450, -2.17294, 1.24724, 12.6978, 3644.41, 0.571475, 9, 183.702, -632.504, 504.223, 2820, -2.03975, 1.24724, 12.6978, 3502.04, 2.35528, 9, 193.205, -616.271, 497.303, 2815, -2.00501, 1.24724, 12.6978, 3464.9, 16.8907, 9, 196.379, -597.26, 492.254, 2810, -1.95913, 1.24724, 12.6978, 3415.85, 25.5508, 9, 205.642, -580.566, 484.869, 2805, -1.92535, 1.24724, 12.6978, 3379.75, 5.66721e-11, 9
-420.503, -879.68, 742.147, 2171, 2.81957, 1.24739, 12.6944, 5033.13, 16.5682, 10, -360.976, -896.493, 721.716, 2160, 2.93426, 1.24739, 12.6944, 4910.51, 23.1916, 10, -270.734, -905.516, 692.088, 2148, 3.1251, 1.24739, 12.6944, 4706.45, 5.42862, 10, -214.159, -902.975, 672.254, 2599, -3.04281, 1.24739, 12.6944, 4583.19, 2.17324, 10, -119.995, -885.682, 639.208, 2574, -2.85527, 1.24739, 12.6944, 4382.68, 9.30238, 10, 1.94031, -829.638, 594.444, 2528, -2.58143, 1.24739, 12.6944, 4089.88, 2.2661, 10, 28.7654, -812.028, 585.034, 2519, -2.51798, 1.24739, 12.6944, 4022.04, 17.9105, 10, 76.2843, -774.607, 562.836, 2504, -2.39929, 1.24739, 12.6944, 3895.13, 5.48121, 10, 131.934, -714.99, 536.027, 2467, -2.23652, 1.24739, 12.6944, 3721.11, 2.35382, 10, 150.885, -689.356, 524.885, 2450, -2.1729, 1.24739, 12.6944, 3653.09, 0.328913, 10, 183.702, -632.504, 504.223, 2820, -2.03979, 1.24739, 12.6944, 3510.77, 2.52449, 10, 193.205, -616.271, 497.303, 2815, -2.00505, 1.24739, 12.6944, 3473.63, 19.0825, 10, 196.379, -597.26, 492.254, 2810, -1.95919, 1.24739, 12.6944, 3424.6, 26.467, 10, 205.642, -580.566, 484.869, 2805, -1.92544, 1.24739, 12.6944, 3388.51, 0.16584, 10, 211.094, -564.934, 479.543, 2800, -1.89217, 1.24739, 12.6944, 3352.93, 3.51269e-10, 10
152.694, -675.86, 523.265, 2440, -2.24054, 1.23483, 13.6683, 3468.39, 3.05704, 11, 161.934, -664.861, 517.405, 2430, -2.21104, 1.23483, 13.6683, 3437.39, 0.0139061, 11, 183.702, -632.504, 504.223, 2820, -2.12589, 1.23483, 13.6683, 3347.87, 0.323319, 11, 193.205, -616.271, 497.303, 2815, -2.08485, 1.23483, 13.6683, 3304.73, 2.11936e-10, 11
-144.89, -882.002, 647.801, 2573, -2.93632, 1.24546, 13.1933, 4392.47, 26.4676, 12, -11.5196, -829.638, 600.14, 2527, -2.62721, 1.24546, 13.1933, 4064.89, 21.2151, 12, 49.0014, -793.953, 574.61, 2513, -2.49235, 1.24546, 13.1933, 3922, 27.3033, 12, 105.481, -740.943, 549.336, 2486, -2.32627, 1.24546, 13.1933, 3746.03, 3.57289, 12, 119.485, -725.867, 542.199, 2476, -2.28416, 1.24546, 13.1933, 3701.4, 13.1044, 12, 137.707, -700.898, 531.546, 2458, -2.216, 1.24546, 13.1933, 3629.18, 0.541916, 12, 161.934, -664.861, 517.405, 2430, -2.12448, 1.24546, 13.1933, 3532.21, 5.88889, 12, 183.702, -632.504, 504.223, 2820, -2.04941, 1.24546, 13.1933, 3452.67, 11.0254, 12, 196.379, -597.26, 492.254, 2810, -1.96515, 1.24546, 13.1933, 3363.39, 17.7086, 12, 205.642, -580.566, 484.869, 2805, -1.92996, 1.24546, 13.1933, 3326.11, 0.0747157, 12, 211.094, -564.934, 479.543, 2800, -1.89522, 1.24546, 13.1933, 3289.31, 0.21819, 12, 217.36, -544.162, 472.806, 2795, -1.84966, 1.24546, 13.1933, 3241.04, 1.78381, 12, 223.068, -528.023, 466.849, 2790, -1.81613, 1.24546, 13.1933, 3205.52, 4.85957, 12, 224.857, -513.226, 461.293, 2785, -1.78283, 1.24546, 13.1933, 3170.24, 2.08875e-10, 12
-420.503, -879.68, 742.147, 2171, 2.81954, 1.24741, 12.6965, 4845.06, 15.7961, 13, -360.976, -896.493, 721.716, 2160, 2.93428, 1.24741, 12.6965, 4722.38, 22.9829, 13, -270.734, -905.516, 692.088, 2148, 3.1252, 1.24741, 12.6965, 4518.25, 4.1217, 13, -214.159, -902.975, 672.254, 2599, -3.04267, 1.24741, 12.6965, 4394.97, 3.1176, 13, -119.995, -885.682, 639.208, 2574, -2.85514, 1.24741, 12.6965, 4194.47, 4.33099, 13, 1.94031, -829.638, 594.444, 2528, -2.58112, 1.24741, 12.6965, 3901.5, 4.20774, 13, 28.7654, -812.028, 585.034, 2519, -2.51768, 1.24741, 12.6965, 3833.67, 19.4233, 13, 76.2843, -774.607, 562.836, 2504, -2.39904, 1.24741, 12.6965, 3706.83, 5.80251, 13, 131.934, -714.99, 536.027, 2467, -2.23635, 1.24741, 12.6965, 3532.88, 0.508275, 13, 150.885, -689.356, 524.885, 2450, -2.17275, 1.24741, 12.6965, 3464.88, 1.12469, 13, 183.702, -632.504, 504.223, 2820, -2.03962, 1.24741, 12.6965, 3322.55, 0.326587, 13, 193.205, -616.271, 497.303, 2815, -2.00489, 1.24741, 12.6965, 3285.41, 23.8351, 13, 196.379, -597.26, 492.254, 2810, -1.95902, 1.24741, 12.6965, 3236.37, 21.6044, 13, 205.642, -580.566, 484.869, 2805, -1.92526, 1.24741, 12.6965, 3200.28, 0.228881, 13, 211.094, -564.934, 479.543, 2800, -1.89197, 1.24741, 12.6965, 3164.69, 0.559138, 13, 217.36, -544.162, 472.806, 2795, -1.84819, 1.24741, 12.6965, 3117.88, 2.39115, 13, 223.068, -528.023, 466.849, 2790, -1.81598, 1.24741, 12.6965, 3083.44, 5.35671, 13, 224.857, -513.226, 461.293, 2785, -1.7839, 1.24741, 12.6965, 3049.14, 2.08875e-10, 13
-496.685, -858.803, 767.728, 2181, 2.6866, 1.25028, 12.382, 4949.75, 5.68411, 14, -399.046, -894.269, 732.093, 2173, 2.8944, 1.25028, 12.382, 4726.2, 3.4967, 14, -297.986, -910.361, 698.313, 2154, 3.08805, 1.25028, 12.382, 4517.88, 24.946, 14, -190.807, -903.766, 663.749, 2600, -2.98068, 1.25028, 12.382, 4287.15, 12.392, 14, -119.995, -885.682, 639.208, 2574, -2.83242, 1.25028, 12.382, 4127.62, 16.7969, 14, -60.1598, -866.026, 617.626, 2555, -2.7208, 1.25028, 12.382, 4007.56, 25.4929, 14, 1.94031, -829.638, 594.444, 2528, -2.572, 1.25028, 12.382, 3847.46, 7.67032, 14, 28.7654, -812.028, 585.034, 2519, -2.51093, 1.25028, 12.382, 3781.77, 28.7333, 14, 76.2843, -774.607, 562.836, 2504, -2.3962, 1.25028, 12.382, 3658.35, 11.4861, 14, 131.934, -714.99, 536.027, 2467, -2.238, 1.25028, 12.382, 3488.16, 2.26376, 14, 150.885, -689.356, 524.885, 2450, -2.17597, 1.25028, 12.382, 3421.43, 0.229392, 14, 183.702, -632.504, 504.223, 2820, -2.04583, 1.25028, 12.382, 3281.43, 0.665449, 14, 193.205, -616.271, 497.303, 2815, -2.01183, 1.25028, 12.382, 3244.85, 21.9516, 14, 196.379, -597.26, 492.254, 2810, -1.96684, 1.25028, 12.382, 3196.45, 21.0426, 14, 205.642, -580.566, 484.869, 2805, -1.93372, 1.25028, 12.382, 3160.83, 0.0434798, 14, 211.094, -564.934, 479.543, 2800, -1.90106, 1.25028, 12.382, 3125.69, 0.0798645, 14, 217.36, -544.162, 472.806, 2795, -1.85805, 1.25028, 12.382, 3079.42, 3.99827e-10, 14
39.938, -794.528, 578.498, 2512, -2.52306, 1.24432, 13.2071, 4004.34, 24.3319, 15, 84.7737, -756.521, 558.578, 2495, -2.39676, 1.24432, 13.2071, 3870.54, 29.7075, 15, 152.694, -675.86, 523.265, 2440, -2.17243, 1.24432, 13.2071, 3632.88, 2.44677, 15, 161.934, -664.861, 517.405, 2430, -2.146, 1.24432, 13.2071, 3604.88, 20.4127, 15, 196.379, -597.26, 492.254, 2810, -1.98387, 1.24432, 13.2071, 3433.12, 3.48908, 15, 205.642, -580.566, 484.869, 2805, -1.94809, 1.24432, 13.2071, 3395.23, 6.78815, 15, 211.094, -564.934, 479.543, 2800, -1.91284, 1.24432, 13.2071, 3357.88, 4.6647, 15, 217.36, -544.162, 472.806, 2795, -1.86658, 1.24432, 13.2071, 3308.87, 1.39775, 15, 223.068, -528.023, 466.849, 2790, -1.83263, 1.24432, 13.2071, 3272.91, 6.67543, 15, 224.857, -513.226, 461.293, 2785, -1.79881, 1.24432, 13.2071, 3237.08, 1.96817, 15, 230.344, -496.744, 455.623, 2780, -1.76567, 1.24432, 13.2071, 3201.98, 1.32096, 15, 231.269, -482.069, 450.913, 2777, -1.73266, 1.24432, 13.2071, 3167.01, 8.49572, 15, 235.62, -465.678, 444.582, 2773, -1.70021, 1.24432, 13.2071, 3132.64, 0.793229, 15, 237.983, -449.954, 440.101, 2769, -1.66791, 1.24432, 13.2071, 3098.44, 2.60338e-12, 15
39.938, -794.528, 578.498, 2512, -2.51513, 1.24294, 13.0643, 3866.2, 5.08412, 16, 84.7737, -756.521, 558.578, 2495, -2.39105, 1.24294, 13.0643, 3734.43, 0.988256, 16, 152.694, -675.86, 523.265, 2440, -2.16959, 1.24294, 13.0643, 3499.25, 12.5268, 16, 161.934, -664.861, 517.405, 2430, -2.14349, 1.24294, 13.0643, 3471.53, 0.312037, 16, 183.702, -632.504, 504.223, 2820, -2.06784, 1.24294, 13.0643, 3391.2, 29.8166, 16, 196.379, -597.26, 492.254, 2810, -1.98299, 1.24294, 13.0643, 3301.08, 6.61599, 16, 205.642, -580.566, 484.869, 2805, -1.94759, 1.24294, 13.0643, 3263.49, 2.71415, 16, 211.094, -564.934, 479.543, 2800, -1.91266, 1.24294, 13.0643, 3226.4, 1.43576, 16, 217.36, -544.162, 472.806, 2795, -1.86682, 1.24294, 13.0643, 3177.72, 0.869561, 16, 223.068, -528.023, 466.849, 2790, -1.83317, 1.24294, 13.0643, 3141.98, 3.61932, 16, 224.857, -513.226, 461.293, 2785, -1.79963, 1.24294, 13.0643, 3106.37, 4.1426, 16, 230.344, -496.744, 455.623, 2780, -1.76677, 1.24294, 13.0643, 3071.47, 0.89856, 16, 231.269, -482.069, 450.913, 2777, -1.73403, 1.24294, 13.0643, 3036.7, 9.22189, 16, 235.62, -465.678, 444.582, 2773, -1.70187, 1.24294, 13.0643, 3002.55, 3.37715e-10, 16
39.938, -794.528, 578.498, 2512, -2.51769, 1.24357, 13.1464, 3916.22, 6.56158, 17, 84.7737, -756.521, 558.578, 2495, -2.39253, 1.24357, 13.1464, 3783.49, 1.50102, 17, 152.694, -675.86, 523.265, 2440, -2.16951, 1.24357, 13.1464, 3546.99, 14.1174, 17, 161.934, -664.861, 517.405, 2430, -2.14324, 1.24357, 13.1464, 3519.13, 1.02545, 17, 183.702, -632.504, 504.223, 2820, -2.06715, 1.24357, 13.1464, 3438.45, 25.9066, 17, 196.379, -597.26, 492.254, 2810, -1.98184, 1.24357, 13.1464, 3347.99, 8.90475, 17, 205.642, -580.566, 484.869, 2805, -1.94626, 1.24357, 13.1464, 3310.25, 1.19856, 17, 211.094, -564.934, 479.543, 2800, -1.91116, 1.24357, 13.1464, 3273.04, 0.330307, 17, 217.36, -544.162, 472.806, 2795, -1.8651, 1.24357, 13.1464, 3224.19, 2.19397, 17, 223.068, -528.023, 466.849, 2790, -1.83128, 1.24357, 13.1464, 3188.33, 1.42328, 17, 224.857, -513.226, 461.293, 2785, -1.79759, 1.24357, 13.1464, 3152.6, 8.35103, 17, 230.344, -496.744, 455.623, 2780, -1.76458, 1.24357, 13.1464, 3117.6, 2.69567e-10, 17
152.694, -675.86, 523.265, 2440, -2.19781, 1.24274, 14.1154, 3732.34, 1.51682, 18, 161.934, -664.861, 517.405, 2430, -2.16902, 1.24274, 14.1154, 3702.27, 20.1544, 18, 196.379, -597.26, 492.254, 2810, -1.99275, 1.24274, 14.1154, 3518.21, 4.21251, 18, 205.642, -580.566, 484.869, 2805, -1.95421, 1.24274, 14.1154, 3477.97, 4.29931, 18, 211.094, -564.934, 479.543, 2800, -1.91631, 1.24274, 14.1154, 3438.39, 2.23924, 18, 217.36, -544.162, 472.806, 2795, -1.86669, 1.24274, 14.1154, 3386.58, 0.973105, 18, 223.068, -528.023, 466.849, 2790, -1.83038, 1.24274, 14.1154, 3348.66, 3.52999, 18, 224.857, -513.226, 461.293, 2785, -1.79423, 1.24274, 14.1154, 3310.92, 4.99162, 18, 230.344, -496.744, 455.623, 2780, -1.75891, 1.24274, 14.1154, 3274.03, 0.679368, 18, 231.269, -482.069, 450.913, 2777, -1.72375, 1.24274, 14.1154, 3237.32, 10.3074, 18, 235.62, -465.678, 444.582, 2773, -1.68927, 1.24274, 14.1154, 3201.32, 3.37715e-10, 18
-144.89, -882.002, 647.801, 2573, -2.90868, 1.24356, 12.7111, 4297.5, 17.0504, 19, -90.3223, -867.7, 629.928, 2553, -2.80259, 1.24356, 12.7111, 4184.1, 1.50236, 19, -80.7093, -864.411, 625.99, 2554, -2.78296, 1.24356, 12.7111, 4163.12, 23.087, 19, -11.5196, -829.638, 600.14, 2527, -2.61986, 1.24356, 12.7111, 3988.78, 1.04971, 19, 84.7737, -756.521, 558.578, 2495, -2.37355, 1.24356, 12.7111, 3725.51, 17.8924, 19, 105.481, -740.943, 549.336, 2486, -2.33146, 1.24356, 12.7111, 3680.52, 27.816, 19, 152.694, -675.86, 523.265, 2440, -2.16096, 1.24356, 12.7111, 3498.28, 15.6858, 19, 161.934, -664.861, 517.405, 2430, -2.13574, 1.24356, 12.7111, 3471.32, 1.17779, 19, 183.702, -632.504, 504.223, 2820, -2.06261, 1.24356, 12.7111, 3393.16, 25.3188, 19, 196.379, -597.26, 492.254, 2810, -1.98038, 1.24356, 12.7111, 3305.26, 8.18109, 19, 205.642, -580.566, 484.869, 2805, -1.94602, 1.24356, 12.7111, 3268.54, 1.89674, 19, 211.094, -564.934, 479.543, 2800, -1.91207, 1.24356, 12.7111, 3232.26, 0.917614, 19, 217.36, -544.162, 472.806, 2795, -1.8675, 1.24356, 12.7111, 3184.62, 1.5017, 19, 223.068, -528.023, 466.849, 2790, -1.83473, 1.24356, 12.7111, 3149.59, 3.53657, 19, 224.857, -513.226, 461.293, 2785, -1.80207, 1.24356, 12.7111, 3114.68, 5.12986, 19, 230.344, -496.744, 455.623, 2780, -1.77003, 1.24356, 12.7111, 3080.45, 0.985772, 19, 231.269, -482.069, 450.913, 2777, -1.7381, 1.24356, 12.7111, 3046.32, 9.87986, 19, 235.62, -465.678, 444.582, 2773, -1.70672, 1.24356, 12.7111, 3012.77, 3.37715e-10, 19
-144.89, -882.002, 647.801, 2573, -2.93243, 1.24516, 13.1939, 4221.17, 3.87483, 20, -90.3223, -867.7, 629.928, 2553, -2.81737, 1.24516, 13.1939, 4099.26, 2.82517, 20, -80.7093, -864.411, 625.99, 2554, -2.7964, 1.24516, 13.1939, 4077.04, 1.97088, 20, -36.2341, -845.988, 608.955, 2537, -2.69661, 1.24516, 13.1939, 3971.31, 0.695388, 20, 49.0014, -793.953, 574.61, 2513, -2.4886, 1.24516, 13.1939, 3750.91, 10.8929, 20, 67.2063, -775.561, 567.352, 2503, -2.4263, 1.24516, 13.1939, 3684.9, 28.5965, 20, 105.481, -740.943, 549.336, 2486, -2.32286, 1.24516, 13.1939, 3575.3, 6.90243, 20, 119.485, -725.867, 542.199, 2476, -2.28076, 1.24516, 13.1939, 3530.69, 5.06629, 20, 131.934, -714.99, 536.027, 2467, -2.25307, 1.24516, 13.1939, 3501.35, 20.935, 20, 137.707, -700.898, 531.546, 2458, -2.21266, 1.24516, 13.1939, 3458.54, 20.8046, 20, 150.885, -689.356, 524.885, 2450, -2.18599, 1.24516, 13.1939, 3430.28, 22.1497, 20, 161.934, -664.861, 517.405, 2430, -2.12127, 1.24516, 13.1939, 3361.71, 24.4691, 20, 183.702, -632.504, 504.223, 2820, -2.04634, 1.24516, 13.1939, 3282.31, 0.308978, 20, 193.205, -616.271, 497.303, 2815, -2.01006, 1.24516, 13.1939, 3243.87, 27.7801, 20, 196.379, -597.26, 492.254, 2810, -1.96218, 1.24516, 13.1939, 3193.14, 18.4634, 20, 205.642, -580.566, 484.869, 2805, -1.92702, 1.24516, 13.1939, 3155.89, 0.320411, 20, 211.094, -564.934, 479.543, 2800, -1.89237, 1.24516, 13.1939, 3119.18, 0.24616, 20, 217.36, -544.162, 472.806, 2795, -1.84686, 1.24516, 13.1939, 3070.96, 1.22962, 20, 223.068, -528.023, 466.849, 2790, -1.81341, 1.24516, 13.1939, 3035.51, 4.92425, 20, 224.857, -513.226, 461.293, 2785, -1.78014, 1.24516, 13.1939, 3000.27, 2.08875e-10, 20
-144.89, -882.002, 647.801, 2573, -2.93041, 1.24458, 13.0567, 4322.24, 27.67, 21, -11.5196, -829.638, 600.14, 2527, -2.6269, 1.24458, 13.0567, 3999.83, 1.72986, 21, 67.2063, -775.561, 567.352, 2503, -2.43192, 1.24458, 13.0567, 3792.74, 3.55896, 21, 105.481, -740.943, 549.336, 2486, -2.32902, 1.24458, 13.0567, 3683.45, 1.6767, 21, 119.485, -725.867, 542.199, 2476, -2.28728, 1.24458, 13.0567, 3639.12, 8.86437, 21, 137.707, -700.898, 531.546, 2458, -2.21958, 1.24458, 13.0567, 3567.22, 0.361208, 21, 161.934, -664.861, 517.405, 2430, -2.12862, 1.24458, 13.0567, 3470.6, 7.79019, 21, 183.702, -632.504, 504.223, 2820, -2.05401, 1.24458, 13.0567, 3391.37, 9.48599, 21, 196.379, -597.26, 492.254, 2810, -1.97022, 1.24458, 13.0567, 3302.38, 18.3346, 21, 205.642, -580.566, 484.869, 2805, -1.93525, 1.24458, 13.0567, 3265.24, 0.0936154, 21, 211.094, -564.934, 479.543, 2800, -1.90071, 1.24458, 13.0567, 3228.56, 0.208056, 21, 217.36, -544.162, 472.806, 2795, -1.8554, 1.24458, 13.0567, 3180.44, 1.69792, 21, 223.068, -528.023, 466.849, 2790, -1.82206, 1.24458, 13.0567, 3145.04, 4.98792, 21, 224.857, -513.226, 461.293, 2785, -1.78892, 1.24458, 13.0567, 3109.84, 2.08875e-10, 21
292.676, -670.213, -644.326, 5558, -2.02617, 1.93634, 12.8382, 3932.11, 0.741796, 22, 301.943, -647.367, -635.848, 5543, -1.97278, 1.93634, 12.8382, 3875.18, 9.07545, 22, 316.365, -611.631, -620.966, 5531, -1.8951, 1.93634, 12.8382, 3792.34, 7.70215, 22, 323.328, -593.404, -613.024, 5525, -1.85741, 1.93634, 12.8382, 3752.16, 3.77247, 22, 327.485, -576.392, -606.193, 5519, -1.82047, 1.93634, 12.8382, 3712.76, 3.91788, 22, 333.287, -548.227, -594.316, 5502, -1.76037, 1.93634, 12.8382, 3648.68, 0.777451, 22, 335.573, -531.675, -588.429, 5492, -1.72491, 1.93634, 12.8382, 3610.87, 7.82579e-10, 22
292.676, -670.213, -644.326, 5558, -2.03867, 1.93695, 12.8243, 3693.56, 7.87977, 23, 301.943, -647.367, -635.848, 5543, -1.98462, 1.93695, 12.8243, 3635.91, 0.25956, 23, 316.365, -611.631, -620.966, 5531, -1.906, 1.93695, 12.8243, 3552.06, 0.844348, 23, 323.328, -593.404, -613.024, 5525, -1.86791, 1.93695, 12.8243, 3511.43, 1.89939, 23, 327.485, -576.392, -606.193, 5519, -1.83053, 1.93695, 12.8243, 3471.56, 6.05876e-10, 23
162.149, -651.59, 515.136, 2420, -2.17451, 1.23971, 14.4635, 3711.47, 14.5255, 24, 196.379, -597.26, 492.254, 2810, -2.03185, 1.23971, 14.4635, 3563.23, 0.949311, 24, 205.642, -580.566, 484.869, 2805, -1.99122, 1.23971, 14.4635, 3521.01, 22.432, 24, 211.094, -564.934, 479.543, 2800, -1.95106, 1.23971, 14.4635, 3479.28, 17.1647, 24, 217.36, -544.162, 472.806, 2795, -1.89882, 1.23971, 14.4635, 3425, 5.59749, 24, 223.068, -528.023, 466.849, 2790, -1.86062, 1.23971, 14.4635, 3385.3, 16.6142, 24, 224.857, -513.226, 461.293, 2785, -1.82269, 1.23971, 14.4635, 3345.89, 0.0713868, 24, 230.344, -496.744, 455.623, 2780, -1.78573, 1.23971, 14.4635, 3307.48, 7.7168, 24, 231.269, -482.069, 450.913, 2777, -1.74891, 1.23971, 14.4635, 3269.22, 2.68674, 24, 235.62, -465.678, 444.582, 2773, -1.71298, 1.23971, 14.4635, 3231.88, 0.360789, 24, 237.983, -449.954, 440.101, 2769, -1.67713, 1.23971, 14.4635, 3194.64, 2.72573, 24, 237.727, -435.566, 435.227, 2764, -1.64207, 1.23971, 14.4635, 3158.21, 16.3217, 24, 241.771, -418.552, 427.698, 2759, -1.60711, 1.23971, 14.4635, 3121.88, 1.69042, 24, 241.406, -408.89, 424.818, 2755, -1.58415, 1.23971, 14.4635, 3098.02, 1.05837e-10, 24
162.149, -651.59, 515.136, 2420, -2.17575, 1.23897, 14.5134, 3606.87, 12.5843, 25, 196.379, -597.26, 492.254, 2810, -2.03243, 1.23897, 14.5134, 3458.04, 0.804841, 25, 205.642, -580.566, 484.869, 2805, -1.99163, 1.23897, 14.5134, 3415.67, 23.5159, 25, 211.094, -564.934, 479.543, 2800, -1.9513, 1.23897, 14.5134, 3373.8, 18.0639, 25, 217.36, -544.162, 472.806, 2795, -1.89886, 1.23897, 14.5134, 3319.35, 5.60173, 25, 223.068, -528.023, 466.849, 2790, -1.86052, 1.23897, 14.5134, 3279.54, 16.7877, 25, 224.857, -513.226, 461.293, 2785, -1.82246, 1.23897, 14.5134, 3240.01, 0.355227, 25, 230.344, -496.744, 455.623, 2780, -1.78536, 1.23897, 14.5134, 3201.49, 8.10099, 25, 231.269, -482.069, 450.913, 2777, -1.74843, 1.23897, 14.5134, 3163.13, 1.90562, 25, 235.62, -465.678, 444.582, 2773, -1.71237, 1.23897, 14.5134, 3125.7, 0.659461, 25, 237.983, -449.954, 440.101, 2769, -1.67642, 1.23897, 14.5134, 3088.36, 1.39101, 25, 237.727, -435.566, 435.227, 2764, -1.64125, 1.23897, 14.5134, 3051.84, 14.4674, 25, 241.771, -418.552, 427.698, 2759, -1.60618, 1.23897, 14.5134, 3015.42, 1.89275, 25, 241.406, -408.89, 424.818, 2755, -1.58315, 1.23897, 14.5134, 2991.51, 1.05837e-10, 25
-144.89, -882.002, 647.801, 2573, -2.9117, 1.24359, 12.6333, 4387.23, 29.1542, 26, 39.938, -794.528, 578.498, 2512, -2.49756, 1.24359, 12.6333, 3943.84, 12.1064, 26, 84.7737, -756.521, 558.578, 2495, -2.37994, 1.24359, 12.6333, 3817.93, 18.1972, 26, 152.694, -675.86, 523.265, 2440, -2.1681, 1.24359, 12.6333, 3591.14, 1.67925, 26, 161.934, -664.861, 517.405, 2430, -2.14302, 1.24359, 12.6333, 3564.29, 23.13, 26, 196.379, -597.26, 492.254, 2810, -1.98803, 1.24359, 12.6333, 3398.38, 1.72983, 26, 205.642, -580.566, 484.869, 2805, -1.95374, 1.24359, 12.6333, 3361.68, 10.2391, 26, 211.094, -564.934, 479.543, 2800, -1.91982, 1.24359, 12.6333, 3325.38, 6.65872, 26, 217.36, -544.162, 472.806, 2795, -1.87532, 1.24359, 12.6333, 3277.74, 1.58591, 26, 223.068, -528.023, 466.849, 2790, -1.84259, 1.24359, 12.6333, 3242.71, 7.84079, 26, 224.857, -513.226, 461.293, 2785, -1.80996, 1.24359, 12.6333, 3207.79, 1.24608, 26, 230.344, -496.744, 455.623, 2780, -1.77797, 1.24359, 12.6333, 3173.56, 2.48229, 26, 231.269, -482.069, 450.913, 2777, -1.74605, 1.24359, 12.6333, 3139.39, 7.61503, 26, 235.62, -465.678, 444.582, 2773, -1.71469, 1.24359, 12.6333, 3105.84, 0.139439, 26, 237.983, -449.954, 440.101, 2769, -1.68339, 1.24359, 12.6333, 3072.35, 2.8409, 26, 237.727, -435.566, 435.227, 2764, -1.65261, 1.24359, 12.6333, 3039.41, 17.4844, 26, 241.771, -418.552, 427.698, 2759, -1.62188, 1.24359, 12.6333, 3006.55, 2.74724, 26, 241.406, -408.89, 424.818, 2755, -1.60164, 1.24359, 12.6333, 2984.88, 0.972993, 26, 240.546, -379.333, 415.707, 2747, -1.54149, 1.24359, 12.6333, 2920.53, 2.00159e-10, 26
162.149, -651.59, 515.136, 2420, -2.16933, 1.24325, 14.4432, 3747.88, 29.6556, 27, 196.379, -597.26, 492.254, 2810, -2.02768, 1.24325, 14.4432, 3600.65, 2.25902, 27, 205.642, -580.566, 484.869, 2805, -1.98732, 1.24325, 14.4432, 3558.69, 12.7855, 27, 211.094, -564.934, 479.543, 2800, -1.9474, 1.24325, 14.4432, 3517.21, 10.4349, 27, 217.36, -544.162, 472.806, 2795, -1.89546, 1.24325, 14.4432, 3463.22, 4.25673, 27, 223.068, -528.023, 466.849, 2790, -1.85746, 1.24325, 14.4432, 3423.72, 13.8128, 27, 224.857, -513.226, 461.293, 2785, -1.81975, 1.24325, 14.4432, 3384.52, 0.212334, 27, 230.344, -496.744, 455.623, 2780, -1.78295, 1.24325, 14.4432, 3346.28, 5.1915, 27, 231.269, -482.069, 450.913, 2777, -1.74633, 1.24325, 14.4432, 3308.22, 4.24542, 27, 235.62, -465.678, 444.582, 2773, -1.71055, 1.24325, 14.4432, 3271.03, 0.564153, 27, 237.983, -449.954, 440.101, 2769, -1.67489, 1.24325, 14.4432, 3233.97, 2.60338e-12, 27
162.149, -651.59, 515.136, 2420, -2.17362, 1.23968, 14.4289, 3702.56, 15.3086, 28, 196.379, -597.26, 492.254, 2810, -2.0314, 1.23968, 14.4289, 3554.7, 0.887218, 28, 205.642, -580.566, 484.869, 2805, -1.99088, 1.23968, 14.4289, 3512.58, 22.0568, 28, 211.094, -564.934, 479.543, 2800, -1.95082, 1.23968, 14.4289, 3470.94, 16.8791, 28, 217.36, -544.162, 472.806, 2795, -1.89872, 1.23968, 14.4289, 3416.77, 5.48549, 28, 223.068, -528.023, 466.849, 2790, -1.86061, 1.23968, 14.4289, 3377.16, 16.4689, 28, 224.857, -513.226, 461.293, 2785, -1.82277, 1.23968, 14.4289, 3337.82, 0.0657769, 28, 230.344, -496.744, 455.623, 2780, -1.78589, 1.23968, 14.4289, 3299.48, 7.68352, 28, 231.269, -482.069, 450.913, 2777, -1.74916, 1.23968, 14.4289, 3261.29, 2.68113, 28, 235.62, -465.678, 444.582, 2773, -1.7133, 1.23968, 14.4289, 3224.01, 0.366446, 28, 237.983, -449.954, 440.101, 2769, -1.67753, 1.23968, 14.4289, 3186.83, 2.72204, 28, 237.727, -435.566, 435.227, 2764, -1.64255, 1.23968, 14.4289, 3150.46, 16.2503, 28, 241.771, -418.552, 427.698, 2759, -1.60765, 1.23968, 14.4289, 3114.18, 1.703, 28, 241.406, -408.89, 424.818, 2755, -1.58474, 1.23968, 14.4289, 3090.36, 1.05837e-10, 28
292.676, -670.213, -644.326, 5558, -2.0377, 1.95517, 13.0726, 3719.34, 11.707, 29, 301.943, -647.367, -635.848, 5543, -1.98227, 1.95517, 13.0726, 3660.48, 2.41477, 29, 316.365, -611.631, -620.966, 5531, -1.90183, 1.95517, 13.0726, 3575.07, 1.49369, 29, 323.328, -593.404, -613.024, 5525, -1.86291, 1.95517, 13.0726, 3533.74, 0.912127, 29, 327.485, -576.392, -606.193, 5519, -1.82474, 1.95517, 13.0726, 3493.22, 0.832083, 29, 333.287, -548.227, -594.316, 5502, -1.76278, 1.95517, 13.0726, 3427.42, 4.32795, 29, 335.573, -531.675, -588.429, 5492, -1.72632, 1.95517, 13.0726, 3388.72, 28.9249, 29, 341.184, -517.92, -580.735, 5481, -1.70259, 1.95517, 13.0726, 3363.52, 14.0686, 29, 341.188, -502.447, -574.196, 5462, -1.66693, 1.95517, 13.0726, 3325.66, 3.86298, 29, 341.646, -476.069, -563.411, 5435, -1.60901, 1.95517, 13.0726, 3264.16, 6.29692e-10, 29
292.676, -670.213, -644.326, 5558, -2.04777, 1.95269, 13.4547, 3750.11, 18.6344, 30, 316.365, -611.631, -620.966, 5531, -1.90687, 1.95269, 13.4547, 3601.48, 0.00189992, 30, 323.328, -593.404, -613.024, 5525, -1.86668, 1.95269, 13.4547, 3559.08, 4.40964, 30, 327.485, -576.392, -606.193, 5519, -1.82728, 1.95269, 13.4547, 3517.52, 1.59409, 30, 333.287, -548.227, -594.316, 5502, -1.76345, 1.95269, 13.4547, 3450.19, 2.62459, 30, 335.573, -531.675, -588.429, 5492, -1.72598, 1.95269, 13.4547, 3410.65, 27.1024, 30, 341.184, -517.92, -580.735, 5481, -1.70151, 1.95269, 13.4547, 3384.84, 8.41513, 30, 341.188, -502.447, -574.196, 5462, -1.66488, 1.95269, 13.4547, 3346.21, 3.32587e-11, 30
162.149, -651.59, 515.136, 2420, -2.18267, 1.24265, 14.5242, 3832.15, 5.29728, 31, 196.379, -597.26, 492.254, 2810, -2.03866, 1.24265, 14.5242, 3682.63, 11.1132, 31, 211.094, -564.934, 479.543, 2800, -1.95719, 1.24265, 14.5242, 3598.04, 22.0925, 31, 217.36, -544.162, 472.806, 2795, -1.90456, 1.24265, 14.5242, 3543.4, 7.81792, 31, 223.068, -528.023, 466.849, 2790, -1.86606, 1.24265, 14.5242, 3503.42, 17.7588, 31, 224.857, -513.226, 461.293, 2785, -1.82786, 1.24265, 14.5242, 3463.76, 0.108777, 31, 230.344, -496.744, 455.623, 2780, -1.79062, 1.24265, 14.5242, 3425.1, 6.95791, 31, 231.269, -482.069, 450.913, 2777, -1.75353, 1.24265, 14.5242, 3386.6, 3.65362, 31, 235.62, -465.678, 444.582, 2773, -1.71735, 1.24265, 14.5242, 3349.03, 0.442314, 31, 237.983, -449.954, 440.101, 2769, -1.68125, 1.24265, 14.5242, 3311.55, 3.24899, 31, 237.727, -435.566, 435.227, 2764, -1.64598, 1.24265, 14.5242, 3274.93, 14.2672, 31, 241.771, -418.552, 427.698, 2759, -1.61078, 1.24265, 14.5242, 3238.38, 3.48091, 31, 241.406, -408.89, 424.818, 2755, -1.58769, 1.24265, 14.5242, 3214.42, 1.24307, 31, 240.546, -379.333, 415.707, 2747, -1.51928, 1.24265, 14.5242, 3143.38, 0.29895, 31, 238.468, -365.469, 412.312, 2743, -1.48566, 1.24265, 14.5242, 3108.48, 17.9551, 31, 239.866, -354.213, 406.92, 2739, -1.4633, 1.24265, 14.5242, 3085.26, 7.5206e-11, 31
162.149, -651.59, 515.136, 2420, -2.17844, 1.24275, 14.4867, 3704.41, 10.9406, 32, 196.379, -597.26, 492.254, 2810, -2.03523, 1.24275, 14.4867, 3555.64, 3.03283, 32, 205.642, -580.566, 484.869, 2805, -1.99446, 1.24275, 14.4867, 3513.3, 29.6116, 32, 211.094, -564.934, 479.543, 2800, -1.95416, 1.24275, 14.4867, 3471.43, 21.4518, 32, 217.36, -544.162, 472.806, 2795, -1.90176, 1.24275, 14.4867, 3417, 7.19858, 32, 223.068, -528.023, 466.849, 2790, -1.86345, 1.24275, 14.4867, 3377.2, 17.0497, 32, 224.857, -513.226, 461.293, 2785, -1.8254, 1.24275, 14.4867, 3337.68, 0.0172697, 32, 230.344, -496.744, 455.623, 2780, -1.78833, 1.24275, 14.4867, 3299.17, 6.60766, 32, 231.269, -482.069, 450.913, 2777, -1.75139, 1.24275, 14.4867, 3260.79, 3.09013, 32, 235.62, -465.678, 444.582, 2773, -1.71536, 1.24275, 14.4867, 3223.37, 0.383465, 32, 237.983, -449.954, 440.101, 2769, -1.67939, 1.24275, 14.4867, 3186, 1.96869, 32, 237.727, -435.566, 435.227, 2764, -1.64425, 1.24275, 14.4867, 3149.5, 12.1713, 32, 241.771, -418.552, 427.698, 2759, -1.60917, 1.24275, 14.4867, 3113.06, 4.26281, 32, 241.406, -408.89, 424.818, 2755, -1.58617, 1.24275, 14.4867, 3089.17, 2.0736, 32, 240.546, -379.333, 415.707, 2747, -1.51799, 1.24275, 14.4867, 3018.34, 0.125368, 32, 238.468, -365.469, 412.312, 2743, -1.48448, 1.24275, 14.4867, 2983.54, 17.0712, 32, 239.866, -354.213, 406.92, 2739, -1.46219, 1.24275, 14.4867, 2960.38, 7.5206e-11, 32
336.587, -561.287, -597.202, 5512, -1.66979, 1.94517, 10.8322, 2966.52, 11.4983, 33, 341.184, -517.92, -580.735, 5481, -1.59619, 1.94517, 10.8322, 2884.36, 1.28126, 33, 341.188, -502.447, -574.196, 5462, -1.56899, 1.94517, 10.8322, 2854, 1.10934, 33, 341.646, -476.069, -563.411, 5435, -1.52438, 1.94517, 10.8322, 2804.18, 4.1839, 33, 339.487, -461.785, -557.601, 5429, -1.49783, 1.94517, 10.8322, 2774.55, 1.21386, 33, 337.666, -447.233, -553.058, 5423, -1.47164, 1.94517, 10.8322, 2745.31, 0.622017, 33, 336.607, -437.211, -548.52, 5416, -1.45409, 1.94517, 10.8322, 2725.72, 3.9173e-10, 33
316.365, -611.631, -620.966, 5531, -1.86373, 1.96893, 11.8054, 3007.83, 20.2068, 34, 323.328, -593.404, -613.024, 5525, -1.82961, 1.96893, 11.8054, 2970.67, 5.66039, 34, 327.485, -576.392, -606.193, 5519, -1.79591, 1.96893, 11.8054, 2933.97, 10.1273, 34, 333.287, -548.227, -594.316, 5502, -1.74101, 1.96893, 11.8054, 2874.17, 10.2092, 34, 335.573, -531.675, -588.429, 5492, -1.70853, 1.96893, 11.8054, 2838.78, 24.1414, 34, 341.184, -517.92, -580.735, 5481, -1.68743, 1.96893, 11.8054, 2815.8, 16.3789, 34, 341.188, -502.447, -574.196, 5462, -1.65544, 1.96893, 11.8054, 2780.96, 14.9696, 34, 339.105, -488.383, -569.441, 5453, -1.62423, 1.96893, 11.8054, 2746.96, 1.74913, 34, 341.646, -476.069, -563.411, 5435, -1.60338, 1.96893, 11.8054, 2724.26, 12.3941, 34, 339.487, -461.785, -557.601, 5429, -1.57256, 1.96893, 11.8054, 2690.69, 3.60735e-10, 34
316.365, -611.631, -620.966, 5531, -1.8644, 1.96666, 11.8235, 3122.67, 19.4237, 35, 323.328, -593.404, -613.024, 5525, -1.83024, 1.96666, 11.8235, 3085.49, 4.64873, 35, 327.485, -576.392, -606.193, 5519, -1.79651, 1.96666, 11.8235, 3048.76, 9.7229, 35, 333.287, -548.227, -594.316, 5502, -1.74155, 1.96666, 11.8235, 2988.92, 10.4455, 35, 335.573, -531.675, -588.429, 5492, -1.70903, 1.96666, 11.8235, 2953.51, 27.4696, 35, 341.184, -517.92, -580.735, 5481, -1.68791, 1.96666, 11.8235, 2930.52, 15.0254, 35, 341.188, -502.447, -574.196, 5462, -1.6559, 1.96666, 11.8235, 2895.66, 12.9454, 35, 339.105, -488.383, -569.441, 5453, -1.62466, 1.96666, 11.8235, 2861.65, 2.88563, 35, 341.646, -476.069, -563.411, 5435, -1.60379, 1.96666, 11.8235, 2838.93, 11.5969, 35, 339.487, -461.785, -557.601, 5429, -1.57295, 1.96666, 11.8235, 2805.36, 3.60735e-10, 35
336.587, -561.287, -597.202, 5512, -1.66864, 1.95092, 11.2846, 3116.92, 8.41746, 36, 341.184, -517.92, -580.735, 5481, -1.59195, 1.95092, 11.2846, 3032.34, 0.670726, 36, 341.188, -502.447, -574.196, 5462, -1.56364, 1.95092, 11.2846, 3001.11, 0.481408, 36, 339.105, -488.383, -569.441, 5453, -1.53585, 1.95092, 11.2846, 2970.46, 14.6026, 36, 341.646, -476.069, -563.411, 5435, -1.51727, 1.95092, 11.2846, 2949.97, 7.79931, 36, 339.487, -461.785, -557.601, 5429, -1.48969, 1.95092, 11.2846, 2919.54, 3.92455, 36, 336.607, -437.211, -548.52, 5416, -1.44433, 1.95092, 11.2846, 2869.52, 6.70681, 36, 333.239, -423.566, -541.607, 5409, -1.41737, 1.95092, 11.2846, 2839.78, 1.9682e-10, 36
241.771, -418.552, 427.698, 2759, -1.56844, 1.28889, 13.4386, 3322.2, 0.731123, 37, 241.406, -408.89, 424.818, 2755, -1.54789, 1.28889, 13.4386, 3300.51, 2.45464, 37, 240.546, -379.333, 415.707, 2747, -1.48668, 1.28889, 13.4386, 3235.92, 0.0123248, 37, 238.468, -365.469, 412.312, 2743, -1.45656, 1.28889, 13.4386, 3204.14, 2.72794, 37, 239.866, -354.213, 406.92, 2739, -1.43646, 1.28889, 13.4386, 3182.93, 22.888, 37, 235.09, -341.965, 405.294, 2735, -1.40667, 1.28889, 13.4386, 3151.5, 5.75726e-11, 37
241.771, -418.552, 427.698, 2759, -1.57577, 1.28905, 14.3363, 3497.14, 0.54578, 38, 241.406, -408.89, 424.818, 2755, -1.55376, 1.28905, 14.3363, 3474.22, 1.89646, 38, 240.546, -379.333, 415.707, 2747, -1.48833, 1.28905, 14.3363, 3406.12, 0.0111758, 38, 238.468, -365.469, 412.312, 2743, -1.45618, 1.28905, 14.3363, 3372.66, 2.72005, 38, 239.866, -354.213, 406.92, 2739, -1.43475, 1.28905, 14.3363, 3350.35, 22.7789, 38, 235.09, -341.965, 405.294, 2735, -1.40301, 1.28905, 14.3363, 3317.31, 5.75726e-11, 38
341.184, -517.92, -580.735, 5481, -1.53253, 1.96634, 10.421, 2579.64, 21.7358, 39, 341.188, -502.447, -574.196, 5462, -1.50718, 1.96634, 10.421, 2550.99, 24.0361, 39, 341.646, -476.069, -563.411, 5435, -1.46538, 1.96634, 10.421, 2503.77, 2.96469, 39, 339.487, -461.785, -557.601, 5429, -1.44051, 1.96634, 10.421, 2475.66, 4.25139, 39, 337.666, -447.233, -553.058, 5423, -1.41601, 1.96634, 10.421, 2447.98, 1.33624, 39, 336.607, -437.211, -548.52, 5416, -1.39952, 1.96634, 10.421, 2429.35, 0.227778, 39, 333.239, -423.566, -541.607, 5409, -1.37507, 1.96634, 10.421, 2401.71, 0.991913, 39, 329.815, -409.967, -536.223, 5402, -1.35091, 1.96634, 10.421, 2374.41, 0.62789, 39, 328.791, -399.742, -531.631, 5395, -1.33481, 1.96634, 10.421, 2356.22, 4.77899, 39, 324.645, -386.478, -526.392, 5388, -1.31071, 1.96634, 10.421, 2328.99, 2.91051, 39, 319.082, -374.405, -522.36, 5381, -1.28687, 1.96634, 10.421, 2302.06, 11.4, 39, 316.94, -365.054, -515.754, 5374, -1.27109, 1.96634, 10.421, 2284.22, 6.54999e-10, 39
341.184, -517.92, -580.735, 5481, -1.54403, 1.96315, 11.1639, 2855.34, 15.5755, 40, 341.188, -502.447, -574.196, 5462, -1.51673, 1.96315, 11.1639, 2825.14, 17.6226, 40, 341.646, -476.069, -563.411, 5435, -1.47181, 1.96315, 11.1639, 2775.45, 0.915506, 40, 339.487, -461.785, -557.601, 5429, -1.44512, 1.96315, 11.1639, 2745.91, 1.74846, 40, 337.666, -447.233, -553.058, 5423, -1.41884, 1.96315, 11.1639, 2716.83, 2.74232, 40, 336.607, -437.211, -548.52, 5416, -1.40118, 1.96315, 11.1639, 2697.29, 1.98185, 40, 333.239, -423.566, -541.607, 5409, -1.375, 1.96315, 11.1639, 2668.33, 0.0466941, 40, 329.815, -409.967, -536.223, 5402, -1.34915, 1.96315, 11.1639, 2639.74, 1.16221, 40, 328.791, -399.742, -531.631, 5395, -1.33194, 1.96315, 11.1639, 2620.69, 3.55746, 40, 324.645, -386.478, -526.392, 5388, -1.30619, 1.96315, 11.1639, 2592.2, 3.17948, 40, 319.082, -374.405, -522.36, 5381, -1.28075, 1.96315, 11.1639, 2564.06, 13.6738, 40, 316.94, -365.054, -515.754, 5374, -1.26392, 1.96315, 11.1639, 2545.43, 6.54999e-10, 40
578.968, -372.831, -419.891, 5770, 0.520523, 2.00001, -15.8858, 2596.68, 6.17793, 41, 538.087, -394.475, -403.812, 5756, 0.404862, 2.00001, -15.8858, 2478.54, 29.527, 41, 509.085, -404.318, -387.789, 5732, 0.320408, 2.00001, -15.8858, 2392.28, 16.89, 41, 488.961, -408.684, -376.676, 5729, 0.260407, 2.00001, -15.8858, 2330.99, 26.623, 41, 472.733, -414.573, -367.308, 5726, 0.22212, 2.00001, -15.8858, 2291.88, 2.38621e-10, 41
643.154, -399.187, -464.483, 5797, 0.00906775, 2.09055, -7.72477, 1378.5, 0.296647, 42, 623.055, -399.083, -451.774, 5792, -0.017761, 2.09055, -7.72477, 1344.43, 4.44447, 42, 593.788, -396.893, -437.428, 5779, -0.0577711, 2.09055, -7.72477, 1293.61, 6.90637, 42, 553.854, -394.591, -412.826, 5764, -0.110324, 2.09055, -7.72477, 1226.87, 1.34254e-10, 42
452.592, -213.689, 488.65, 2998, 0.607769, 1.19038, -21.3825, 4212.2, 0.797929, 43, 445.817, -217.83, 485.462, 2997, 0.578275, 1.19038, -21.3825, 4183.24, 10.838, 43, 422.824, -234.371, 475.288, 2990, 0.494726, 1.19038, -21.3825, 4101.19, 21.5511, 43, 390.918, -246.208, 460.191, 2978, 0.368684, 1.18855, -21.3696, 3974.5, 1.36651e-10, 43
452.592, -213.689, 488.65, 2998, 0.611626, 1.18855, -21.3696, 4213.08, 2.10879, 43, 445.817, -217.83, 485.462, 2997, 0.581937, 1.18855, -21.3696, 4183.92, 1.58075, 43, 424.94, -230.393, 478.932, 2991, 0.498011, 1.18855, -21.3696, 4101.5, 19.6513, 43, 390.918, -246.208, 460.191, 2978, 0.368684, 1.18855, -21.3696, 3974.5, 1.36651e-10, 43
425.926, 402.467, 143.358, 517, 1.68655, 1.18865, -16.6918, 982.063, 10.2931, 44, 429.05, 373.643, 132.979, 509, 1.61148, 1.18865, -16.6918, 905.994, 23.2026, 44, 426.704, 349.864, 124.627, 502, 1.53968, 1.18865, -16.6918, 833.243, 2.01687, 44, 427.412, 328.317, 115.935, 496, 1.48746, 1.18865, -16.6918, 780.332, 8.57846, 44, 424.75, 310.457, 108.38, 490, 1.43684, 1.18865, -16.6918, 729.043, 7.73806, 44, 420.418, 286.967, 99.278, 485, 1.37142, 1.18865, -16.6918, 662.75, 4.75745, 44, 410.912, 254.548, 86.5331, 470, 1.27705, 1.18865, -16.6918, 567.126, 10.7643, 44, 408.859, 241.46, 80.2489, 459, 1.24642, 1.18865, -16.6918, 536.09, 2.21511, 44, 396.294, 211.419, 67.4716, 446, 1.15665, 1.18865, -16.6918, 445.124, 15.4419, 44, 390.316, 195.094, 58.1225, 436, 1.11305, 1.18865, -16.6918, 400.95, 1.7043e-11, 44
425.926, 402.467, 143.358, 517, 1.6881, 1.18714, -16.6795, 986.608, 12.2524, 45, 429.05, 373.643, 132.979, 509, 1.61291, 1.18714, -16.6795, 910.415, 26.1287, 45, 426.704, 349.864, 124.627, 502, 1.54102, 1.18714, -16.6795, 837.559, 1.46176, 45, 427.412, 328.317, 115.935, 496, 1.48874, 1.18714, -16.6795, 784.576, 10.1142, 45, 424.75, 310.457, 108.38, 490, 1.43806, 1.18714, -16.6795, 733.22, 8.95613, 45, 420.418, 286.967, 99.278, 485, 1.37256, 1.18714, -16.6795, 666.845, 5.60412, 45, 410.912, 254.548, 86.5331, 470, 1.2781, 1.18714, -16.6795, 571.118, 10.6729, 45, 408.859, 241.46, 80.2489, 459, 1.24743, 1.18714, -16.6795, 540.037, 3.22103, 45, 396.294, 211.419, 67.4716, 446, 1.15759, 1.18714, -16.6795, 448.986, 17.8444, 45, 390.316, 195.094, 58.1225, 436, 1.11394, 1.18714, -16.6795, 404.756, 0.103341, 45, 385.51, 185.444, 53.6348, 421, 1.08508, 1.18714, -16.6795, 375.509, 4.65884e-11, 45
425.926, 402.467, 143.358, 517, 1.69004, 1.19843, -17.3865, 1055.19, 2.7702, 46, 429.05, 373.643, 132.979, 509, 1.61189, 1.19843, -17.3865, 976.489, 9.5696, 46, 426.704, 349.864, 124.627, 502, 1.5374, 1.19843, -17.3865, 901.472, 10.5496, 46, 427.412, 328.317, 115.935, 496, 1.48335, 1.19843, -17.3865, 847.038, 0.949724, 46, 424.75, 310.457, 108.38, 490, 1.43105, 1.19843, -17.3865, 794.363, 0.528612, 46, 420.418, 286.967, 99.278, 485, 1.36355, 1.19843, -17.3865, 726.386, 3.89937, 46, 417.481, 268.236, 90.8884, 480, 1.31457, 1.19843, -17.3865, 677.059, 3.17519, 46, 410.912, 254.548, 86.5331, 470, 1.26633, 1.19843, -17.3865, 628.475, 19.4725, 46, 408.859, 241.46, 80.2489, 459, 1.23491, 1.19843, -17.3865, 596.839, 0.385492, 46, 396.294, 211.419, 67.4716, 446, 1.14283, 1.19843, -17.3865, 504.108, 5.09874e-12, 46
425.926, 402.467, 143.358, 517, 1.68551, 1.20134, -16.863, 1037.96, 1.54284, 47, 429.05, 373.643, 132.979, 509, 1.61013, 1.20134, -16.863, 961.699, 12.3488, 47, 426.704, 349.864, 124.627, 502, 1.53805, 1.20134, -16.863, 888.785, 7.31684, 47, 427.412, 328.317, 115.935, 496, 1.48564, 1.20134, -16.863, 835.762, 4.55581, 47, 424.75, 310.457, 108.38, 490, 1.43484, 1.20134, -16.863, 784.37, 1.66118, 47, 420.418, 286.967, 99.278, 485, 1.36917, 1.20134, -16.863, 717.931, 2.13165, 47, 417.481, 268.236, 90.8884, 480, 1.32144, 1.20134, -16.863, 669.637, 7.69268, 47, 410.912, 254.548, 86.5331, 470, 1.27441, 1.20134, -16.863, 622.064, 14.9873, 47, 408.859, 241.46, 80.2489, 459, 1.24371, 1.20134, -16.863, 591.005, 4.55187e-11, 47
425.926, 402.467, 143.358, 517, 1.67156, 1.2078, -16.4155, 1027.97, 1.75512, 48, 429.05, 373.643, 132.979, 509, 1.59939, 1.2078, -16.4155, 954.65, 3.34488, 48, 426.704, 349.864, 124.627, 502, 1.53011, 1.2078, -16.4155, 884.273, 16.6396, 48, 427.412, 328.317, 115.935, 496, 1.47964, 1.2078, -16.4155, 832.996, 1.71211, 48, 424.75, 310.457, 108.38, 490, 1.43063, 1.2078, -16.4155, 783.203, 0.13807, 48, 420.418, 286.967, 99.278, 485, 1.36712, 1.2078, -16.4155, 718.683, 2.39024e-10, 48
425.926, 402.467, 143.358, 517, 1.70994, 1.19914, -18.1839, 1084.43, 9.50168, 49, 429.05, 373.643, 132.979, 509, 1.62652, 1.19914, -18.1839, 1000.95, 29.2514, 49, 426.704, 349.864, 124.627, 502, 1.54763, 1.19914, -18.1839, 921.986, 1.84006, 49, 427.412, 328.317, 115.935, 496, 1.49056, 1.19914, -18.1839, 864.88, 5.83675, 49, 424.75, 310.457, 108.38, 490, 1.43555, 1.19914, -18.1839, 809.824, 0.547355, 49, 420.418, 286.967, 99.278, 485, 1.3648, 1.19914, -18.1839, 739.014, 5.36067, 49, 417.481, 268.236, 90.8884, 480, 1.31353, 1.19914, -18.1839, 687.704, 1.3228e-10, 49
390.815, 487.085, 180.352, 740, 1.98312, 1.19929, -17.7477, 1366.61, 5.38383, 50, 400.311, 468.083, 172.095, 726, 1.93127, 1.19929, -17.7477, 1314.54, 12.7014, 50, 403.586, 453.863, 167.296, 720, 1.88206, 1.19929, -17.7477, 1265.14, 7.34759, 50, 417.761, 392.459, 141.083, 510, 1.70316, 1.19929, -17.7477, 1085.49, 1.89876e-10, 50
39.3598, 640.352, -310.896, 3842, 0.38686, 1.83957, 17.791, 3343.87, 6.23667, 51, -23.7038, 606.88, -290.277, 3827, 0.585424, 1.83957, 17.791, 3144.55, 5.81062, 51, -45.6244, 592.774, -282.845, 3825, 0.651949, 1.83957, 17.791, 3077.78, 6.09439, 51, -71.8375, 568.674, -272.948, 3812, 0.755839, 1.83957, 17.791, 2973.49, 1.12155e-10, 51
18.339, 628.455, -305.11, 3833, 0.429561, 1.86031, 18.0446, 2995.79, 8.16852, 52, -23.7038, 606.88, -290.277, 3827, 0.558137, 1.86031, 18.0446, 2866.98, 0.122754, 52, -45.6244, 592.774, -282.845, 3825, 0.628766, 1.86031, 18.0446, 2796.22, 8.14606, 52, -71.8375, 568.674, -272.948, 3812, 0.738306, 1.86031, 18.0446, 2686.48, 8.4904, 52, -85.2348, 558.157, -267.021, 3803, 0.779865, 1.86031, 18.0446, 2644.84, 1.27166, 52, -97.1577, 543.143, -262.712, 3799, 0.840191, 1.86031, 18.0446, 2584.41, 18.1979, 52, -109.146, 532.149, -257.627, 3794, 0.879021, 1.86031, 18.0446, 2545.51, 4.86983, 52, -116.537, 521.836, -252.233, 3790, 0.916983, 1.86031, 18.0446, 2507.48, 9.23428e-11, 52
-109.146, 532.149, -257.627, 3794, 0.956358, 1.86479, 17.5216, 2375.67, 18.0093, 53, -151.1, 459.142, -233.107, 4003, 1.18315, 1.86479, 17.5216, 2147.53, 1.29078, 53, -157.486, 443.415, -227.838, 4000, 1.22871, 1.86479, 17.5216, 2101.69, 2.3185, 53, -162.456, 423.412, -220.828, 3995, 1.28817, 1.86479, 17.5216, 2041.88, 5.68171e-11, 53
-604.609, -57.785, 36.0262, 1725, -2.21997, 1.87658, -15.7831, -371.504, 2.28206, 54, -593.04, -41.8211, 42.9336, 1720, -2.26634, 1.87658, -15.7831, -418.923, 15.9622, 54, -568.633, -16.513, 53.8614, 1710, -2.35571, 1.87658, -15.7831, -510.312, 8.90179, 54, -556.037, -5.71102, 59.3276, 1705, -2.3989, 1.87658, -15.7831, -554.479, 2.65549, 54, -543.213, 2.55177, 62.8853, 1700, -2.44126, 1.87658, -15.7831, -597.796, 22.8718, 54, -534.489, 14.3006, 69.0965, 1693, -2.46912, 1.87658, -15.7831, -626.28, 7.91726, 54, -521.396, 21.758, 73.6889, 1685, -2.51026, 1.87658, -15.7831, -668.344, 1.51496, 54, -507.885, 33.8985, 79.3019, 1678, -2.55075, 1.87658, -15.7831, -709.75, 9.51687, 54, -499.126, 36.5935, 81.3649, 1671, -2.57733, 1.87658, -15.7831, -736.928, 7.47553, 54, -485.336, 47.4515, 88.0858, 1664, -2.6167, 1.87658, -15.7831, -777.191, 3.69031, 54, -471.74, 54.1162, 92.3876, 1656, -2.6555, 1.87658, -15.7831, -816.869, 0.734848, 54, -462.565, 58.9143, 95.4281, 1648, -2.68104, 1.87658, -15.7831, -842.98, 1.13658, 54, -448.863, 64.2549, 100.678, 1640, -2.71908, 1.87658, -15.7831, -881.878, 3.78496, 54, -425.334, 75.9625, 108.081, 1625, -2.78132, 1.87658, -15.7831, -945.522, 1.22535e-11, 54
-627.2, -85.444, 24.4887, 1736, -2.14914, 1.87788, -15.1205, -281.625, 15.5408, 55, -604.609, -57.785, 36.0262, 1725, -2.23948, 1.87788, -15.1205, -374.707, 1.58837, 55, -593.04, -41.8211, 42.9336, 1720, -2.28326, 1.87788, -15.1205, -419.818, 7.17679, 55, -568.633, -16.513, 53.8614, 1710, -2.36781, 1.87788, -15.1205, -506.934, 4.5456, 55, -556.037, -5.71102, 59.3276, 1705, -2.40883, 1.87788, -15.1205, -549.206, 0.791296, 55, -543.213, 2.55177, 62.8853, 1700, -2.44912, 1.87788, -15.1205, -590.718, 29.2471, 55, -534.489, 14.3006, 69.0965, 1693, -2.47566, 1.87788, -15.1205, -618.063, 4.25078, 55, -521.396, 21.758, 73.6889, 1685, -2.51491, 1.87788, -15.1205, -658.506, 3.62403, 55, -507.885, 33.8985, 79.3019, 1678, -2.55359, 1.87788, -15.1205, -698.362, 5.9183, 55, -499.126, 36.5935, 81.3649, 1671, -2.57903, 1.87788, -15.1205, -724.57, 11.2729, 55, -485.336, 47.4515, 88.0858, 1664, -2.61672, 1.87788, -15.1205, -763.407, 1.52716, 55, -471.74, 54.1162, 92.3876, 1656, -2.65394, 1.87788, -15.1205, -801.757, 0.710165, 55, -462.565, 58.9143, 95.4281, 1648, -2.67844, 1.87788, -15.1205, -826.992, 1.28909, 55, -448.863, 64.2549, 100.678, 1640, -2.71499, 1.87788, -15.1205, -864.652, 5.85461, 55, -425.334, 75.9625, 108.081, 1625, -2.77483, 1.87788, -15.1205, -926.312, 1.22535e-11, 55
-627.2, -85.444, 24.4887, 1736, -2.14553, 1.87579, -15.7064, -270.276, 9.48151, 56, -604.609, -57.785, 36.0262, 1725, -2.23957, 1.87579, -15.7064, -366.519, 7.12907, 56, -593.04, -41.8211, 42.9336, 1720, -2.28506, 1.87579, -15.7064, -413.072, 0.887278, 56, -581.035, -28.8294, 48.5171, 1715, -2.32913, 1.87579, -15.7064, -458.183, 1.14296, 56, -568.633, -16.513, 53.8614, 1710, -2.37264, 1.87579, -15.7064, -502.703, 2.8353, 56, -556.037, -5.71102, 59.3276, 1705, -2.41507, 1.87579, -15.7064, -546.135, 8.72402, 56, -534.489, 14.3006, 69.0965, 1693, -2.48405, 1.87579, -15.7064, -616.725, 1.17781, 56, -521.396, 21.758, 73.6889, 1685, -2.5245, 1.87579, -15.7064, -658.126, 9.45831, 56, -507.885, 33.8985, 79.3019, 1678, -2.56432, 1.87579, -15.7064, -698.874, 3.15131, 56, -499.126, 36.5935, 81.3649, 1671, -2.5905, 1.87579, -15.7064, -725.673, 14.5082, 56, -485.336, 47.4515, 88.0858, 1664, -2.62922, 1.87579, -15.7064, -765.292, 2.15231, 56, -471.74, 54.1162, 92.3876, 1656, -2.66749, 1.87579, -15.7064, -804.466, 1.57929, 56, -462.565, 58.9143, 95.4281, 1648, -2.69257, 1.87579, -15.7064, -830.133, 5.46937, 56, -448.863, 64.2549, 100.678, 1640, -2.73015, 1.87579, -15.7064, -868.593, 5.85422, 56, -435.274, 68.7951, 103.372, 1633, -2.76689, 1.87579, -15.7064, -906.187, 8.15845e-12, 56
-682.361, -195.945, -14.9245, 4335, -1.8821, 1.87857, -14.7873, 81.97, 3.10999, 57, -663.393, -149.659, 2.47378, 1751, -2.00142, 1.87857, -14.7873, -41.4789, 1.37691, 57, -651.043, -125.314, 10.4289, 1746, -2.06559, 1.87857, -14.7873, -107.874, 1.69021, 57, -641.723, -104.315, 16.6419, 1741, -2.1123, 1.87857, -14.7873, -156.207, 19.8854, 57, -627.2, -85.444, 24.4887, 1736, -2.17257, 1.87857, -14.7873, -218.567, 2.56892, 57, -604.609, -57.785, 36.0262, 1725, -2.25917, 1.87857, -14.7873, -308.159, 9.15756, 57, -593.04, -41.8211, 42.9336, 1720, -2.30133, 1.87857, -14.7873, -351.787, 0.278761, 57, -581.035, -28.8294, 48.5171, 1715, -2.34229, 1.87857, -14.7873, -394.165, 0.403409, 57, -568.633, -16.513, 53.8614, 1710, -2.38284, 1.87857, -14.7873, -436.117, 1.20179, 57, -556.037, -5.71102, 59.3276, 1705, -2.42247, 1.87857, -14.7873, -477.124, 4.35633, 57, -534.489, 14.3006, 69.0965, 1693, -2.48711, 1.87857, -14.7873, -543.999, 3.68651, 57, -521.396, 21.758, 73.6889, 1685, -2.52517, 1.87857, -14.7873, -583.382, 1.16641, 57, -507.885, 33.8985, 79.3019, 1678, -2.56264, 1.87857, -14.7873, -622.143, 15.6052, 57, -499.126, 36.5935, 81.3649, 1671, -2.58736, 1.87857, -14.7873, -647.725, 1.79848e-12, 57
-700.892, -262.528, -38.8176, 4373, -1.74601, 1.88134, -14.1218, 235.9, 9.48571, 58, -682.361, -195.945, -14.9245, 4335, -1.90395, 1.88134, -14.1218, 70.9921, 2.20668, 58, -663.393, -149.659, 2.47378, 1751, -2.01553, 1.88134, -14.1218, -45.5086, 4.57831, 58, -651.043, -125.314, 10.4289, 1746, -2.07595, 1.88134, -14.1218, -108.598, 6.989, 58, -641.723, -104.315, 16.6419, 1741, -2.12012, 1.88134, -14.1218, -154.709, 10.3252, 58, -627.2, -85.444, 24.4887, 1736, -2.1773, 1.88134, -14.1218, -214.411, 1.36489, 58, -604.609, -57.785, 36.0262, 1725, -2.2598, 1.88134, -14.1218, -300.547, 13.3749, 58, -593.04, -41.8211, 42.9336, 1720, -2.30004, 1.88134, -14.1218, -342.571, 0.848014, 58, -581.035, -28.8294, 48.5171, 1715, -2.33921, 1.88134, -14.1218, -383.461, 0.937363, 58, -568.633, -16.513, 53.8614, 1710, -2.3781, 1.88134, -14.1218, -424.064, 1.96851, 58, -556.037, -5.71102, 59.3276, 1705, -2.41611, 1.88134, -14.1218, -463.755, 5.982, 58, -534.489, 14.3006, 69.0965, 1693, -2.47822, 1.88134, -14.1218, -528.608, 3.32346, 58, -521.396, 21.758, 73.6889, 1685, -2.51487, 1.88134, -14.1218, -566.872, 1.16541, 58, -507.885, 33.8985, 79.3019, 1678, -2.55098, 1.88134, -14.1218, -604.579, 15.5591, 58, -499.126, 36.5935, 81.3649, 1671, -2.57482, 1.88134, -14.1218, -629.47, 1.79848e-12, 58
