# format: x, y, z, (trackId)+
413, 67.1251, 1454.47, 4047
425, 69.7683, 1456.05, 4047
437, 71.7365, 1458.07, 4047
449, 74.5688, 1460.45, 4047
461, 76.9798, 1461.93, 4047
473, 79.3975, 1465.05, 4047
485, 81.7937, 1466.72, 4047
497, 84.5055, 1469.92, 4047
509, 86.7301, 1471.79, 4047
521, 89.0192, 1473.08, 4047
533, 91.2749, 1475.87, 4047
545, 93.6497, 1477.67, 4047
557, 96.1021, 1480.56, 4047
569, 97.5413, 1482.37, 4047
581, 99.9456, 1483.91, 4047
593, 102.058, 1487.23, 4047
605, 104.113, 1488.42, 4047
617, 106.292, 1491.85, 4047
617, 152.5, 1082.37, 4363
629, 108.201, 1493.64, 4047
629, 157.5, 1073.7, 4363
641, 110.464, 1495.31, 4047
641, 157.5, 1066.58, 4363
653, 111.774, 1497.8, 4047
653, 162.433, 1060.07, 4363
665, 114.128, 1499.89, 4047
665, 162.5, 1051.89, 4363
677, 115.578, 1502.19, 4047
677, 166.825, 1046.09, 4363
689, 117.38, 1504.68, 4047
689, 169.974, 1037.76, 4363
701, 119.058, 1506.66, 4047
701, 170.68, 1032.57, 4363
713, 121.01, 1509.3, 4047
713, 173.218, 1024.23, 4363
725, 122.718, 1510.72, 4047
725, 174.546, 1019.57, 4363
740, 124.308, 1512.82, 4047
740, 175.607, 1010.65, 4363
758, 126.56, 1516.61, 4047
758, 177.77, 999.802, 4363
776, 129.392, 1520.8, 4047
776, 179.5, 989.703, 4363
794, 131.005, 1522.75, 4047
794, 180.644, 979.918, 4363
812, 133.463, 1526.52, 4047
812, 182.732, 969.287, 4363
830, 135.52, 1529.27, 4047
830, 184.258, 960.242, 4363
848, 137.57, 1532.8, 4047
848, 185.231, 948.357, 4363
866, 139.138, 1536.93, 4047
866, 186.586, 939.12, 4363
884, 140.755, 1538.9, 4047
884, 187.976, 929.522, 4363
902, 142.774, 1543.28, 4047
902, 189.016, 919.457, 4363
920, 144.138, 1546.55, 4047
920, 189.711, 908.432, 4363
938, 145.615, 1549.15, 4047
938, 190.411, 898.621, 4363
956, 147.032, 1552.81, 4047
956, 190.463, 888.484, 4363
974, 148.928, 1555.23, 4047
974, 191.533, 877.824, 4363
992, 149.669, 1559.33, 4047
992, 191.92, 868.915, 4363
1010, 151.39, 1562.09, 4047
1010, 192.264, 857.139, 4363
1028, 152.177, 1565.42, 4047
1028, 192.63, 848.855, 4363
1046, 153.248, 1568.82, 4047
1046, 192.671, 837.418, 4363
1064, 154.4, 1571.46, 4047
1064, 192.933, 826.826, 4363
1082, 154.747, 1574.78, 4047
1082, 192.747, 817.288, 4363
1100, 156.087, 1577.81, 4047
1100, 192.62, 807.078, 4363
1118, 156.248, 1581.68, 4047
1118, 192.247, 795.847, 4363
1136, 156.941, 1583.85, 4047
1136, 191.1, 784.887, 4363
1154, 157.665, 1587.54, 4047
1154, 190.867, 777.157, 4363
1172, 158.256, 1591.62, 4047
1172, 190.406, 766.519, 4363
1190, 158.614, 1593.3, 4047
1190, 189.971, 755.206, 4363
406.418, 122.063, 1200.71, 4363
322.737, 267.004, 1267.84, 5612
419.278, 123.789, 1193.43, 4363
332.978, 273.266, 1263.55, 5612
429.703, 129.732, 1186.96, 4363
342.881, 280.112, 1260.94, 5612
442.595, 131.402, 1179.75, 4363
352.404, 287.619, 1258.35, 5612
455.488, 133.072, 1172.62, 4363
362.03, 294.945, 1254.86, 5612
465.88, 139.072, 1166.94, 4363
372.198, 301.333, 1252.32, 5612
478.772, 140.742, 1159.08, 4363
382.444, 307.587, 1249.28, 5612
392.771, 313.701, 1246.54, 5612
402.702, 320.5, 1243.81, 5612
514.949, 150.082, 1138.94, 4363
412.455, 327.607, 1240.66, 5612
422.304, 334.548, 1237.93, 5612
432.462, 340.954, 1235.07, 5612
442.694, 347.231, 1232.36, 5612
452.951, 353.467, 1229.29, 5612
463.332, 359.485, 1226.35, 5612
473.669, 365.582, 1224.19, 5612
484.085, 371.539, 1220.4, 5612
494.435, 377.613, 1218.64, 5612
504.949, 383.402, 1215.31, 5612
515.425, 389.257, 1212.19, 5612
526.067, 394.825, 1209.95, 5612
537.063, 399.779, 1206.4, 5612
548.296, 404.323, 1204.27, 5612
559.125, 409.567, 1201.98, 5612
569.646, 415.345, 1197.84, 5612
580.439, 420.651, 1195.43, 5612
592.109, 424.438, 1193.29, 5612
605.816, 430.696, 1188.59, 5612
621.952, 438.747, 1184.81, 5612
639.329, 444.65, 1180.62, 5612
655.942, 451.875, 1176.48, 5612
673.253, 457.892, 1172.11, 5612
691.107, 462.968, 1167.31, 5612
708.834, 468.263, 1163.68, 5612
726.605, 473.483, 1159.81, 5612
744.71, 478.124, 1155.12, 5612
762.985, 482.471, 1150.16, 5612
781.202, 486.919, 1145.66, 5612
680.493, 661.351, 1109.62, 5189
798.582, 492.816, 1139.82, 5189
817.7, 495.702, 1134.43, 5612
836.677, 498.832, 1128.34, 5612
855.739, 501.817, 1123.84, 5612
875.607, 503.405, 1116.9, 5612
894.882, 506.019, 1112.22, 5612
914.861, 507.415, 1106.99, 5612
935.307, 508.001, 1101.42, 5612
955.804, 508.499, 1095.82, 5612
976.713, 508.284, 1090.14, 5612
998.299, 506.896, 1084.45, 5612
1020.96, 503.654, 1077.75, 5612
1043.23, 501.066, 1070.86, 5612
1065.78, 498.021, 1063.74, 5612
1087.9, 495.696, 1058.4, 5612
244.822, 335.543, 1029.01, 5189
183.99, 370.665, 1469.91, 3664
134.799, 399.065, 1027.03, 6170
251.78, 345.382, 1030.07, 5189
192.183, 379.791, 1471.48, 3664
139.119, 410.427, 1038.51, 6170
260.245, 354.351, 1030.72, 5189
202.766, 387.537, 1476.46, 3664
143.657, 421.664, 1049.06, 6170
267.808, 363.842, 1032.36, 5189
210.861, 396.72, 1477.86, 3664
147.58, 433.255, 1059.39, 6170
275.994, 372.972, 1033.63, 5189
219.234, 405.742, 1480.93, 3664
152.8, 444.098, 1072.24, 6170
284.162, 382.112, 1034.73, 5189
228.672, 414.149, 1484.19, 3664
157.259, 455.38, 1081.31, 6170
292.844, 390.956, 1035.45, 5189
238.113, 422.555, 1488.08, 3664
161.151, 466.989, 1096.01, 6170
300.759, 400.243, 1037.1, 5189
246.419, 431.616, 1489.37, 3664
166.274, 477.888, 1105.41, 6170
310.206, 408.645, 1038.25, 5189
255.225, 440.388, 1493.34, 3664
170.431, 489.344, 1120.74, 6170
317.352, 418.376, 1039.09, 5189
264.271, 449.022, 1494.94, 3664
175.738, 500.137, 1125.22, 6170
326.87, 426.737, 1040.95, 5189
273.05, 457.81, 1499.15, 3664
180.092, 511.479, 1139.76, 6170
335.09, 435.847, 1041.99, 5189
281.113, 467.011, 1500.52, 3664
184.805, 522.615, 1150.27, 6170
343.673, 444.748, 1043.61, 5189
290.132, 475.66, 1504.82, 3664
189.72, 533.633, 1162.64, 6170
353.299, 453.048, 1045.23, 5189
298.448, 484.716, 1506.79, 3664
194.948, 544.471, 1171.12, 6170
361.4, 462.227, 1046.45, 5189
307.017, 493.625, 1510.29, 3664
199.582, 555.652, 1181.62, 6170
370.525, 470.815, 1048.18, 5189
315.089, 502.821, 1513.88, 3664
204.746, 566.527, 1193.31, 6170
380.326, 479.012, 1050.19, 5189
324.107, 511.471, 1516.21, 3664
209.895, 577.411, 1206.45, 6170
390.209, 487.163, 1051.27, 5189
332.416, 520.53, 1519.89, 3664
214.292, 588.729, 1216.03, 6170
398.999, 495.945, 1052.43, 5189
340.162, 529.914, 1521.53, 3664
219.726, 599.448, 1225.23, 6170
407.865, 504.682, 1054.4, 5189
348.777, 538.797, 1524.7, 3664
224.687, 610.44, 1237.89, 6170
417.617, 512.908, 1056.21, 5189
357.178, 547.802, 1527.64, 3664
229.853, 621.314, 1248.99, 6170
427.551, 521.029, 1057.42, 5189
364.792, 557.263, 1531.62, 3664
234.919, 632.245, 1258.01, 6170
437.537, 529.12, 1059.36, 5189
372.581, 566.623, 1532.81, 3664
239.939, 643.204, 1271.29, 6170
447.666, 537.129, 1061.29, 5189
381.045, 575.592, 1536.68, 3664
245.585, 653.8, 1281.34, 6170
456.918, 545.643, 1063.06, 5189
388.811, 584.965, 1538.86, 3664
250.545, 664.793, 1294.82, 6170
466.574, 553.925, 1065.15, 5189
396.972, 594.11, 1543.01, 3664
256.197, 675.386, 1302.2, 6170
477.396, 561.533, 1066.99, 5189
404.403, 603.676, 1543.91, 3664
261.438, 686.217, 1316.25, 6170
490.227, 571.446, 1069.06, 5189
414.298, 615.283, 1548.24, 3664
268.363, 699.539, 1327.68, 6170
507.037, 582.525, 1072.52, 5189
425.975, 629.326, 1553.39, 3664
276.078, 715.869, 1348.67, 6170
212.29, 752.697, 1220.3, 5703
523.996, 593.518, 1075.31, 5189
437.301, 643.572, 1557.04, 3664
285.032, 731.484, 1360.9, 6170
219.396, 769.379, 1230.3, 5703
541.447, 604.228, 1078.8, 5189
448.77, 657.735, 1562.02, 3664
293.088, 747.618, 1381.3, 6170
230.678, 783.65, 1240.52, 5703
558.949, 614.907, 1082.5, 5189
460.149, 671.949, 1566.03, 3664
301.706, 763.427, 1391.05, 6170
242.72, 797.482, 1251.59, 5703
577.166, 625.174, 1085.45, 5189
470.949, 686.499, 1570.65, 3664
310.066, 779.384, 1412.45, 6170
255.805, 810.712, 1269.32, 5703
595.943, 635.118, 1090, 5189
482.24, 700.765, 1575.74, 3664
318.853, 795.096, 1426.42, 6170
267.538, 824.723, 1276.84, 5703
615.496, 644.614, 1093.54, 5189
493.182, 715.232, 1580.16, 3664
327.813, 810.708, 1446.29, 6170
280.243, 838.172, 1289.67, 5703
633.444, 655.036, 1095.94, 5189
503.525, 730.045, 1582.75, 3664
336.472, 826.493, 1460.73, 6170
293.926, 851.057, 1303.45, 5703
647.871, 667.491, 1100.57, 5189
514.439, 744.528, 1587.7, 3664
345.93, 841.817, 1477.25, 6170
308.213, 863.593, 1319.14, 5703
524.253, 759.647, 1591.13, 3664
354.838, 857.459, 1492.42, 6170
320.379, 877.353, 1327.4, 5703
535.115, 774.16, 1596.4, 3664
364.078, 872.908, 1510.89, 6170
335.2, 889.581, 1342.6, 5703
545.528, 788.933, 1600.52, 3664
372.854, 888.626, 1529.45, 6170
349.037, 902.377, 1354.13, 5703
555.514, 803.952, 1604.1, 3664
381.998, 904.132, 1538.01, 6170
363.71, 914.69, 1366.64, 5703
565.467, 818.991, 1608.63, 3664
391.414, 919.48, 1557.68, 6170
379.79, 926.191, 1380.95, 5722
575.73, 833.85, 1613.46, 3664
401.165, 934.635, 1575.08, 6170
395.453, 937.933, 1395.04, 5722
585.09, 849.231, 1616, 3664
416.063, 946.818, 1411.99, 5722
410.83, 949.839, 1590.99, 6170
594.946, 864.325, 1621.87, 3664
434.522, 956.945, 1426.53, 5722
420.336, 965.136, 1612.91, 6170
604.223, 879.753, 1625.54, 3664
450.875, 968.289, 1439.49, 5722
430.033, 980.322, 1626.42, 6170
613.679, 895.078, 1630.36, 3664
470.246, 977.889, 1454.7, 5722
439.666, 995.544, 1636.53, 6170
623.128, 910.408, 1633.55, 3664
489.239, 987.708, 1469.73, 5722
632.594, 925.727, 1637.17, 3664
512.089, 995.301, 1490.62, 5722
530.306, 1005.57, 1502.57, 5722
550.748, 1014.55, 1518.43, 5722
575.744, 1020.9, 1539.7, 5722
589.458, 1033.77, 1545.78, 5722
90.8883, 413, 453.075, 2702
21.598, 413, 953.068, 5703
-31.9948, 413, 900.459, 4041
92.3918, 425, 436.282, 2702
24.1297, 425, 958.218, 5703
-33.1473, 425, 887.729, 4041
92.5917, 437, 420.428, 2702
28.1605, 437, 967.457, 5703
-34.3275, 437, 875.18, 4041
107.5, 449, 1469.49, 2702
92.1051, 449, 403.228, 2702
33.2391, 449, 977.026, 5703
-35.2641, 449, 861.874, 4041
107.634, 461, 1455.61, 2702
90.4112, 461, 387.574, 2702
38.1647, 461, 984.903, 5703
-36.1774, 461, 849.212, 4041
105.376, 473, 1444.23, 2702
87.4987, 473, 373.395, 2702
42.8359, 473, 994.504, 5703
-37.26, 473, 835.087, 4041
100.952, 485, 1429.07, 2702
83.5999, 485, 357.257, 2702
46.7377, 485, 1001.2, 5703
-38.4036, 485, 821.707, 4041
94.6797, 497, 1411.25, 2702
78.0258, 497, 339.126, 2702
52.5111, 497, 1011.93, 5703
-39.4605, 497, 810.31, 4041
88.7954, 509, 1397.14, 2702
72.5776, 509, 323.525, 2702
57.3946, 509, 1021.11, 5703
-40.1814, 509, 797.89, 4041
80.5831, 521, 1381.47, 2702
63.9823, 521, 303.898, 2702
62.9291, 521, 1029.65, 5703
-40.9134, 521, 784.889, 4041
71.6323, 533, 1365.27, 2702
67.9557, 533, 1037.53, 5703
52.8201, 533, 282.936, 2702
-42.0934, 533, 770.189, 4041
-127.5, 533, 1114.45, 2702
73.5425, 545, 1046.23, 5703
59.2855, 545, 1345.96, 2702
38.1585, 545, 255.996, 2702
-43.1882, 545, 759.642, 4041
-123.316, 545, 1124.86, 2702
-130.077, 545, 1115.58, 2702
-132.5, 545, 15.5823, 2702
80.3599, 557, 1055.62, 5703
38.7727, 557, 1317.5, 2702
32.097, 557, 246.858, 2702
-43.7951, 557, 744.249, 4041
-107.748, 557, 1144.91, 2702
-128.916, 557, 29.4966, 2702
85.44, 569, 1065.53, 5703
20.8456, 569, 1294.62, 2702
8.10763, 569, 1277.84, 2702
-8.26812, 569, 1258.69, 2702
-4.81429, 569, 192.686, 2702
-52.8753, 569, 1209.98, 2702
-80.4849, 569, 1178.25, 2702
-44.4535, 569, 732.252, 4041
-47.5, 569, 139.973, 2702
-62.5, 569, 115.748, 2702
-97.136, 569, 74.6457, 2702
-116.108, 569, 47.0478, 2702
92.5928, 581, 1074.68, 5703
-14.7244, 581, 1253.14, 2702
-28.0411, 581, 1237.55, 2702
-39.6956, 581, 1225.72, 2702
-47.3183, 581, 1214.16, 2702
-65.4123, 581, 1195.24, 2702
-43.1764, 581, 156.519, 2702
-51.8306, 581, 129.402, 2702
-77.5458, 581, 97.919, 2702
-91.3021, 581, 80.4884, 2702
-45.0823, 581, 718.69, 4041
-112.5, 581, 52.9535, 2702
99.4559, 593, 1085.82, 5703
-45.7479, 593, 705.836, 4041
106.744, 605, 1095.01, 5703
-46.1014, 605, 693.829, 4041
111.544, 617, 1101.16, 5703
-46.7768, 617, 680.6, 4041
119.816, 629, 1113.14, 5703
-47.2083, 629, 666.806, 4041
126.011, 641, 1121.36, 5703
-47.8446, 641, 653.62, 4041
135.581, 653, 1131.9, 5703
-48.2756, 653, 641.748, 4041
143.474, 665, 1142.83, 5703
-48.6779, 665, 628.844, 4041
151.264, 677, 1151.04, 5703
-48.9869, 677, 614.724, 4041
157.369, 689, 1160.14, 5703
-49.1575, 689, 602.257, 4041
166.624, 701, 1170.95, 5703
-49.7737, 701, 585.151, 4041
175.048, 713, 1180.5, 5703
-49.8592, 713, 582.222, 4041
181.925, 725, 1190.73, 5703
-49.9401, 725, 563.104, 4041
187.5, 740, 1197.2, 5703
-50.0002, 740, 542.208, 4041
-50.04, 758, 535.725, 4041
-50.14, 776, 510.989, 4041
-50.096, 794, 492.741, 4041
-50.1503, 812, 468.981, 4041
-49.8935, 830, 446.925, 4041
-49.5318, 848, 432.112, 4041
-49.1004, 866, 413.063, 4041
-48.4843, 884, 391.941, 4041
-46.7059, 920, 354.265, 4041
-45.2618, 938, 332.344, 4041
-44.0272, 956, 312.939, 4041
-42.5893, 974, 295.565, 4041
-40.7023, 992, 274.759, 4041
-39.0822, 1010, 255.303, 4041
-37.4717, 1028, 235.987, 4041
-35.1967, 1046, 211.271, 4041
-33.9386, 1064, 200.855, 4041
-31.1708, 1082, 173.879, 4041
-29.5352, 1100, 160.807, 4041
-26.9864, 1118, 137.343, 4041
-24.5715, 1136, 116.137, 4041
-22.564, 1154, 97.7362, 4041
-19.74, 1172, 75.6328, 4041
-17.6235, 1190, 59.9848, 4041
-173.527, 376.705, 913.279, 2702
-174.024, 376.418, 970.914, 2702
-174.024, 376.418, 941.723, 2702
-177.29, 388.39, 925.246, 2702
-180.053, 400.651, 938.393, 2702
-181.621, 413.601, 954.316, 2702
-183.179, 426.558, 967.91, 2702
-182.034, 441.076, 985.362, 2702
-181.383, 455.308, 1000.72, 2702
-174.416, 473.187, 1025.25, 2702
-179.612, 470.187, 1014.88, 2702
-171.034, 488.996, 1040.05, 2702
-184.52, 481.21, 6.71459, 2702
-152.775, 513.394, 1074.25, 2702
-189.668, 492.094, 4.28434, 2702
-157.454, 524.549, 1077.39, 2702
-493.03, 736.104, 9.5079, 2212
-492.136, 757.405, 43.4307, 2212
-500.503, 752.574, 22.9704, 2212
-506.286, 770.02, 51.8215, 2212
-511.821, 787.609, 83.4029, 2212
-517.878, 804.897, 110.101, 2212
-523.76, 822.285, 134.475, 2212
-529.113, 839.979, 162.014, 2212
-535.181, 857.261, 186.631, 2212
-539.839, 875.356, 220.413, 2212
-544.65, 893.363, 251.096, 2212
-550.69, 910.66, 269.809, 2212
-554.968, 928.975, 304.147, 2212
-560.396, 946.626, 331.01, 2212
-565.293, 964.583, 356.726, 2212
-569.727, 982.808, 388.723, 2212
-574.54, 1000.81, 412.916, 2212
-578.893, 1019.09, 443.779, 2212
-583.356, 1037.29, 472.869, 2212
-353.8, 213.201, 1585, 6854
-373.455, 179.156, 895.674, 5497
-397.668, 137.218, 1247.86, 6644
-365.953, 216.15, 1582.97, 6854
-383.839, 185.172, 897.927, 5497
-419.12, 124.064, 1243.59, 6644
-383.167, 210.336, 1579.84, 6854
-393.973, 191.619, 899.4, 5497
-401.68, 202.27, 1575.77, 6854
-404.238, 197.839, 900.749, 5497
-415.941, 201.569, 1572.96, 6854
-422.832, 189.633, 1570.73, 6854
-414.623, 203.851, 902.769, 5497
-424.696, 210.404, 904.48, 5497
-438.136, 187.125, 1566.76, 6854
-434.786, 216.929, 905.712, 5497
-457.682, 177.272, 1563.17, 6854
-465.345, 163.999, 1559.64, 6854
-445.358, 222.618, 907.179, 5497
-480.21, 162.253, 1557.33, 6854
-486.144, 151.973, 1554.61, 6854
-455.52, 229.017, 909.741, 5497
-465.785, 235.236, 910.508, 5497
-475.835, 241.829, 912.565, 5497
-486.006, 248.212, 914.424, 5497
-495.889, 255.095, 914.918, 5497
-505.821, 261.892, 917.97, 5497
-516.012, 268.241, 918.849, 5497
-525.914, 275.09, 921.042, 5497
-535.72, 282.106, 922.98, 5497
-545.737, 288.755, 925.267, 5497
-555.586, 295.697, 926.355, 5497
-565.274, 302.916, 927.386, 5497
-575.402, 309.375, 929.999, 5497
-585.275, 316.274, 931.365, 5497
-595.194, 323.093, 931.94, 5497
-604.576, 330.843, 936.476, 5497
-614.569, 337.535, 937.619, 5497
-624.201, 344.853, 939.568, 5497
-634.339, 351.293, 939.787, 5497
-645.832, 361.386, 943.203, 5497
-660.648, 371.724, 944.742, 5497
-674.849, 383.127, 947.485, 5497
-688.995, 394.626, 949.895, 5497
-703.057, 406.269, 954.472, 5497
-717.803, 416.729, 955.375, 5497
-731.468, 429.06, 959.129, 5497
-745.62, 440.549, 961.484, 5497
-759.83, 451.936, 964.05, 5497
-773.664, 463.974, 966.289, 5497
-894.85, 254.074, 1442.66, 5917
-787.657, 475.739, 968.981, 5497
-910.244, 263.412, 1446.93, 5917
-801.348, 488.025, 972.069, 5497
-925.363, 273.225, 1452.68, 5917
-815.15, 500.119, 974.922, 5497
-940.187, 283.548, 1457.48, 5917
-828.503, 512.991, 977.666, 5497
-954.952, 293.974, 1463.31, 5917
-842.553, 524.655, 979.686, 5497
-969.522, 304.738, 1468.09, 5917
-856.249, 536.933, 982.047, 5497
-983.962, 315.728, 1473.25, 5917
-869.556, 549.884, 984.597, 5497
-998.578, 326.412, 1478.18, 5917
-882.964, 562.662, 987.588, 5497
-1012.8, 337.786, 1484.31, 5917
-896.207, 575.724, 990.359, 5497
-1026.65, 349.782, 1490.09, 5917
-909.477, 588.739, 993.378, 5497
-1040.84, 361.22, 1494.8, 5917
-922.468, 602.238, 995.66, 5497
-1055.15, 372.422, 1499.52, 5917
-935.972, 614.849, 998.73, 5497
-1068.36, 385.538, 1505.96, 5917
-948.573, 629.024, 1000.66, 5497
-1082.52, 397.023, 1510.5, 5917
-962.302, 641.243, 1003.03, 5497
-1096.05, 409.583, 1516.14, 5917
-974.62, 655.908, 1007.81, 5497
-1109.64, 422.051, 1521.39, 5917
-987.987, 668.757, 1009.84, 5497
-1123.62, 433.831, 1525.98, 5917
-413, 97.5, 690.954, 6644
-413, 70.4582, 175.515, 6644
-413, 58.7315, 171.742, 6644
-413, 48.1241, 1289.15, 5917
-413, -54.7058, 1396.9, 6701
-425, 96.5311, 688.666, 6644
-425, 53.1244, 170.166, 6644
-425, 50.6754, 1291.32, 5917
-425, -59.545, 1411.82, 6701
-437, 101.207, 1233.21, 6644
-437, 87.7383, 683.759, 6644
-437, 50.4618, 169.181, 6644
-437, 34.9922, 165.559, 6644
-437, 54.0787, 1296.18, 5917
-437, -62.4052, 1420.69, 6701
-449, 97.1923, 1229.7, 6644
-449, 78.1988, 680.09, 6644
-449, 56.9682, 1300.77, 5917
-449, 30.2296, 162.968, 6644
-449, -66.3963, 1433.53, 6701
-461, 86.6186, 1224.26, 6644
-461, 64.9785, 675.434, 6644
-461, 59.9427, 1303.94, 5917
-461, 4.39981, 157.523, 6644
-461, -5.94609, 153.588, 6644
-461, -70.4973, 1446.04, 6701
-473, 71.0634, 1218.47, 6644
-473, 64.1503, 1307.82, 5917
-473, 48.9327, 669.97, 6644
-473, -10.3187, 151.912, 6644
-473, -27.5447, 149.092, 6644
-473, -50.7223, 144.567, 6644
-473, -74.5146, 1458.11, 6701
-485, 67.353, 1312.33, 5917
-485, 58.0327, 1212.75, 6644
-485, 40.2984, 667.945, 6644
-485, 32.6409, 664.529, 6644
-485, -53.579, 142.918, 6644
-485, -84.9705, 136.533, 6644
-485, -96.0769, 134.909, 6644
-485, -113.055, 131.243, 6644
-485, -79.4688, 1471.97, 6701
-497, 69.6008, 1313.33, 5917
-497, 43.2417, 1207.12, 6644
-497, 13.5171, 658.359, 6644
-497, -63.0774, 140.104, 6644
-497, -97.4563, 133.92, 6644
-497, -112.437, 130.155, 6644
-497, -83.338, 1481.24, 6701
-509, 121.864, 1547.25, 6854
-509, 74.27, 1318.31, 5917
-509, 25.725, 1200.66, 6644
-509, -11.6389, 651.684, 6644
-509, -88.1059, 1494.94, 6701
-521, 109.603, 1543.71, 6854
-521, 77.2843, 1322, 5917
-521, 9.2187, 1194.41, 6644
-521, -19.9925, 648.199, 6644
-521, -27.517, 646.155, 6644
-521, -43.9769, 641.891, 6644
-521, -60.5799, 636.959, 6644
-521, -72.6616, 635.84, 6644
-521, -92.7414, 1508.1, 6701
-533, 92.6366, 1539.06, 6854
-533, 81.6128, 1326.22, 5917
-533, -23.6872, 1183.19, 6644
-533, -62.6965, 637.348, 6644
-533, -84.9893, 631.272, 6644
-533, -113.317, 622.609, 6644
-533, -95.7369, 1515.14, 6701
-545, 85.5022, 1329.37, 5917
-545, 65.5739, 1533.49, 6854
-545, -25.8018, 1182.19, 6644
-545, -48.623, 1172.95, 6644
-545, -101.61, 1530.48, 6701
-545, -134.5, 1494.21, 6854
-545, -112.5, 619.454, 6644
-545, -122.5, 618.377, 6644
-545, -132.5, 619.454, 6644
-557, 89.3596, 1332.76, 5917
-557, 51.5503, 1531.13, 6854
-557, 40.9642, 1527.75, 6854
-557, 33.2591, 1526.31, 6854
-557, 17.4255, 1523.15, 6854
-557, -63.8299, 1170.35, 6644
-557, -78.3416, 1165.47, 6644
-557, -96.0586, 1159.47, 6644
-557, -124.376, 1151.52, 6644
-557, -79.6214, 1504.44, 6854
-557, -106.192, 1498.95, 6854
-557, -106.743, 1542.85, 6701
-569, 92.8739, 1335.37, 5917
-569, 12.2868, 1522.08, 6854
-569, -9.16408, 1518.36, 6854
-569, -23.1783, 1515.97, 6854
-569, -41.8882, 1512.06, 6854
-569, -75.1395, 1505.64, 6854
-569, -112.774, 1556.32, 6701
-569, -127.03, 1151.14, 6644
-581, 98.5563, 1340.5, 5917
-581, -117.022, 1566.95, 6701
-593, 102.755, 1344.47, 5917
-593, -122.773, 1578.99, 6701
-605, 105.849, 1346.93, 5917
-605, -128.094, 1591.1, 6701
-617, 111.287, 1351.27, 5917
-617, -134.61, 1604.97, 6701
-629, 116.031, 1355.66, 5917
-629, -141.268, 1619.97, 6701
-641, 120.371, 1358.63, 5917
-641, -146.472, 1630.23, 6701
-653, 125.325, 1362.61, 5917
-653, -150.046, 1637.15, 6701
-665, 130.262, 1365.59, 5917
-677, 136.251, 1370.63, 5917
-689, 140.901, 1373.9, 5917
-701, 146.756, 1377.95, 5917
-713, 152.443, 1382.41, 5917
-725, 157.845, 1385.65, 5917
-740, 166.28, 1391.03, 5917
-758, 176.749, 1398.39, 5917
-794, 195.493, 1408.55, 5917
-812, 201.014, 1412.42, 5917
-830, 207.5, 1417.6, 5917
-394.554, -142.613, 1389.34, 5191
-315.495, -279.547, 1436.52, 6854
-309.347, -290.196, 1065.12, 6288
-406.318, -146.236, 1399.42, 5191
-329.699, -278.944, 1438.77, 6854
-318.057, -299.11, 1054.71, 6288
-418.624, -148.922, 1413.05, 5191
-345.062, -276.335, 1441.92, 6854
-327.572, -306.629, 1046.62, 6288
-430.377, -152.565, 1421.46, 5191
-359.342, -275.601, 1444.43, 6854
-336.346, -315.432, 1038.24, 6288
-442.988, -154.723, 1432.77, 6854
-375.29, -271.979, 1448.46, 6854
-345.494, -323.588, 1029.29, 6288
-453.38, -160.723, 1443.46, 5191
-391.226, -268.376, 1450.96, 6854
-354.557, -331.89, 1020.07, 6288
-444.228, -200.575, 1455.61, 6854
-408.785, -261.964, 1455.61, 6854
-363.952, -339.616, 1012.96, 6288
-361.499, -343.865, 67.6238, 6644
-486.797, -150.842, 120.222, 6644
-477.915, -166.227, 1462.89, 6854
-428.144, -252.433, 1459.42, 6854
-381.794, -332.714, 71.7162, 6644
-374.724, -344.96, 68.9107, 6644
-373.109, -347.756, 1004.49, 6288
-496.175, -158.6, 119.86, 6644
-488.226, -172.367, 115.73, 6644
-481.569, -183.898, 111.817, 6644
-490.732, -168.028, 1474.3, 5191
-450.113, -238.381, 1465.69, 6854
-444.105, -248.788, 1461.65, 6854
-415.421, -298.47, 83.8505, 6644
-402.139, -321.475, 79.333, 6644
-400.292, -324.675, 75.7231, 6644
-382.282, -355.867, 995.248, 6288
-503.208, -170.418, 1487.27, 5191
-482.452, -206.368, 108.428, 6644
-472.762, -223.151, 103.512, 6644
-465.907, -235.025, 101.457, 6644
-452.234, -258.707, 94.5632, 6644
-445.829, -269.802, 92.3226, 6644
-439.798, -280.248, 89.2889, 6644
-430.124, -297.003, 84.8742, 6644
-473.996, -221.015, 1471.37, 6854
-467.832, -231.691, 1467.76, 6854
-391.481, -363.935, 986.96, 6288
-526.592, -153.917, 1487.31, 6854
-518.885, -167.266, 1485.29, 6854
-517.842, -169.072, 1501.42, 5191
-514.092, -175.567, 1488.98, 6854
-498.472, -202.621, 1477.23, 6854
-491.131, -215.337, 1473.08, 6854
-474.858, -243.522, 99.2815, 6644
-464.808, -260.928, 94.9014, 6644
-455.732, -276.648, 91.0436, 6644
-472.842, -247.014, 113.454, 6644
-400.735, -371.907, 977.311, 6288
-398.812, -375.237, 532.377, 6644
-535.304, -162.827, 1487.22, 6854
-525.18, -180.361, 1483.02, 6854
-538.234, -157.752, 610.175, 6644
-530.085, -171.866, 604.469, 6644
-527.113, -177.014, 1505.95, 6854
-419.813, -362.862, 538.818, 6644
-409.145, -381.34, 532.368, 6644
-409.994, -379.87, 969.962, 6288
-539.683, -179.242, 1518.08, 5191
-538.168, -181.866, 603.906, 6644
-530.719, -194.767, 598.924, 6644
-521.877, -210.083, 592.958, 6644
-458.383, -320.058, 556.934, 6644
-452.844, -329.651, 552.999, 6644
-440.443, -351.131, 544.454, 6644
-419.462, -387.471, 962.047, 6288
-558.015, -171.489, 1137.27, 6644
-549.899, -185.547, 1131.77, 6644
-551.671, -182.479, 1526.93, 5191
-528.729, -222.215, 591.884, 6644
-523.338, -231.552, 587.963, 6644
-512.975, -249.501, 582.546, 6644
-503.602, -265.736, 576.583, 6644
-495.458, -279.841, 572.408, 6644
-482.93, -301.541, 564.526, 6644
-475.299, -314.757, 560.218, 6644
-468.622, -326.322, 555.727, 6644
-423.52, -404.443, 1054.02, 6644
-427.959, -396.753, 949.07, 6288
-559.126, -193.565, 1130.39, 6644
-548.11, -212.645, 1123, 6644
-564.166, -184.835, 1540.29, 5191
-459.092, -366.83, 1068.94, 6644
-450.653, -381.445, 1064.64, 6644
-448.323, -385.483, 1060.59, 6644
-438.21, -402.997, 946.066, 6288
-576.431, -187.592, 1549.87, 5191
-555.845, -223.248, 1121.58, 6644
-546.556, -239.338, 1116.03, 6644
-528.014, -271.453, 1104.71, 6644
-511.814, -299.512, 1094.68, 6644
-498.282, -322.95, 1087.31, 6644
-491.854, -334.083, 1081.97, 6644
-486.872, -342.713, 1079.34, 6644
-481.973, -351.199, 1076.73, 6644
-472.458, -367.679, 1070.5, 6644
-447.284, -411.282, 935.036, 6288
-588.805, -190.16, 1560.39, 5191
-536.692, -280.422, 1103.42, 6644
-523.298, -303.621, 1095.61, 6644
-515.656, -316.857, 1090.72, 6644
-508.894, -328.57, 1085.67, 6644
-498.418, -346.714, 1079.5, 6644
-456.739, -418.906, 927.51, 6288
-601.252, -192.601, 1571.15, 5191
-466.142, -426.618, 918.676, 6288
-613.491, -195.402, 1580.79, 5191
-475.391, -434.598, 909.019, 6288
-626.042, -197.664, 1592.63, 5191
-485.056, -441.859, 902, 6288
-638.367, -200.316, 1602.48, 5191
-494.372, -449.722, 892.486, 6288
-651.231, -202.034, 1615.51, 5191
-503.896, -457.227, 884.494, 6288
-663.221, -205.268, 1622.43, 5191
-513.395, -464.774, 875.613, 6288
-676.156, -206.864, 1635.75, 5191
-522.967, -472.195, 868.257, 6288
-532.42, -479.822, 859.211, 6288
-541.938, -487.336, 849.094, 6288
-551.404, -494.941, 840.217, 6288
-563.85, -503.383, 834.885, 6288
-578.105, -514.692, 817.915, 6288
-592.459, -525.83, 805.636, 6288
-607.137, -536.408, 793.868, 6288
-621.552, -547.441, 780.187, 6288
-636.305, -557.888, 769.458, 6288
-650.927, -568.562, 754.725, 6288
-665.577, -579.187, 742.273, 6288
-680.501, -589.338, 731.287, 6288
-695.189, -599.897, 718.957, 6288
-709.914, -610.394, 703.944, 6288
-724.962, -620.328, 694.037, 6288
-739.755, -630.706, 679.047, 6288
-754.65, -640.907, 667.73, 6288
-769.819, -650.634, 656.471, 6288
-784.752, -660.77, 643.15, 6288
-799.709, -670.864, 628.355, 6288
-814.953, -680.46, 617.654, 6288
-830.066, -690.283, 604.286, 6288
-845.255, -699.975, 593.231, 6288
-860.416, -709.717, 578.569, 6288
-875.648, -719.333, 567.967, 6288
-891.104, -728.563, 555.742, 6288
-906.32, -738.207, 542.201, 6288
-922.112, -746.855, 529.859, 6288
-937.188, -756.743, 517.287, 6288
-212.194, -354.381, 905.903, 5376
-172.417, -377.347, 25.354, 6644
-132.964, -400.124, 447.55, 6644
-122.063, -406.418, 617.475, 3642
-218.156, -364.795, 900.838, 5376
-191.642, -380.103, 29.4884, 6644
-144.957, -407.057, 452.379, 6644
-123.732, -419.311, 622.454, 3642
-224.11, -375.214, 896.695, 5376
-221.316, -376.827, 35.7287, 6644
-206.857, -385.175, 32.2743, 6644
-163.039, -410.473, 457.89, 6644
-129.732, -429.703, 963.572, 6644
-232.607, -384.165, 37.4247, 6644
-230.088, -385.619, 892.015, 5376
-175.532, -417.117, 460.928, 6644
-138.655, -438.408, 964.857, 6644
-264.922, -379.364, 43.608, 6644
-236.085, -396.013, 887.434, 5376
-194.364, -420.101, 466.855, 6644
-151.572, -444.807, 968.512, 6644
-327.612, -357.027, 58.645, 6644
-317.329, -362.964, 55.8898, 6644
-303.684, -370.841, 52.0097, 6644
-284.953, -381.655, 47.0258, 6644
-242.334, -406.262, 883.678, 5376
-220.846, -418.668, 475.152, 6644
-210.716, -424.516, 471.913, 6644
-171.745, -447.016, 973.872, 6644
-337.577, -365.13, 59.9999, 6644
-313.297, -379.147, 54.9492, 6644
-248.052, -416.817, 878.029, 5376
-231.159, -426.57, 477.858, 6644
-186.667, -452.257, 979.347, 6644
-275.895, -414.598, 493.748, 6644
-267.44, -419.479, 489.827, 6644
-254.562, -426.915, 484.64, 6644
-254.178, -427.137, 875.277, 5376
-214.144, -450.25, 988.732, 6644
-204.246, -455.965, 984.836, 6644
-285.94, -422.655, 494.914, 6644
-260.79, -437.175, 870.806, 5376
-223.401, -458.762, 990.088, 6644
-368.754, -388.699, 521.653, 6644
-356.317, -395.879, 517.301, 6644
-338.316, -406.272, 511.901, 6644
-317.389, -418.354, 504.219, 6644
-294.139, -431.778, 495.811, 6644
-267.032, -447.428, 865.508, 5376
-252.971, -455.546, 999.145, 6644
-240.132, -462.959, 994.285, 6644
-375.604, -398.6, 522.661, 6644
-365.818, -404.25, 518.585, 6644
-347.478, -414.839, 513.323, 6644
-278.859, -454.456, 1007.35, 6644
-269.774, -459.701, 1002.37, 6644
-273.595, -457.495, 861.792, 5376
-334.325, -436.289, 1023.43, 6644
-315.706, -447.039, 1018.17, 6644
-302.521, -454.651, 1013.38, 6644
-279.674, -467.842, 857.584, 5376
-378.343, -424.732, 1036.72, 6644
-371.593, -428.629, 1034.87, 6644
-352.258, -439.792, 1030.25, 6644
-343.51, -444.843, 1025.8, 6644
-325.691, -455.13, 1019.67, 6644
-286.102, -477.987, 852.308, 5376
-392.355, -430.498, 1039.17, 6644
-379.466, -437.94, 1034.99, 6644
-292.676, -488.048, 848.577, 5376
-298.73, -498.409, 843.802, 5376
-305.038, -508.624, 839.659, 5376
-311.076, -518.994, 835.254, 5376
-317.437, -529.178, 830.963, 5376
-323.58, -539.488, 825.845, 5376
-329.972, -549.654, 823.014, 5376
-337.034, -559.433, 817.347, 5376
-343.39, -569.62, 813.393, 5376
-350.061, -579.624, 808.909, 5376
-357.045, -589.449, 804.597, 5376
-363.348, -599.666, 799.926, 5376
-471.248, -551.226, 806.392, 5376
-369.906, -609.736, 796.519, 5376
-417.941, -595.86, 791.405, 5376
-382.991, -633.359, 785.792, 5376
-395.525, -646.907, 779.156, 5376
-405.359, -662.014, 773.496, 5376
-415.571, -676.902, 767.271, 5376
-426.477, -691.39, 759.711, 5376
-436.57, -706.347, 753.532, 5376
-446.898, -721.169, 746.828, 5376
-458.181, -735.44, 740.265, 5376
-468.286, -750.39, 734.243, 5376
-479.916, -764.461, 726.386, 5376
-490.185, -779.316, 720.907, 5376
-500.852, -793.942, 714.101, 5376
-512.231, -808.157, 707.243, 5376
-522.974, -822.739, 700.501, 5376
-534.464, -836.89, 694.376, 5376
-545.202, -851.475, 688.001, 5376
-556.85, -865.535, 680.842, 5376
-567.834, -879.977, 674.99, 5376
-291.338, -1039.61, 1615.11, 6204
-579.732, -893.893, 667.461, 5376
-304.638, -1052.72, 1618.47, 6204
-591.073, -908.13, 661.528, 5376
-330.921, -1058.33, 1621.27, 6204
-602.307, -922.429, 654.793, 5376
-352.799, -1066.48, 1625.8, 6204
-344.103, -1071.5, 1623.61, 6204
-614.988, -935.891, 647.552, 5376
-372.878, -1075.67, 1627.92, 6204
-625.383, -950.675, 642.474, 5376
-400.699, -1080.4, 1632.01, 6204
-638.136, -964.097, 633.94, 5376
-436.41, -1080.56, 1636.98, 6204
-425.767, -1086.71, 1636.48, 6204
-650.173, -977.932, 628.079, 5376
-445.271, -1096.23, 1636.95, 6204
-661.523, -992.163, 621.467, 5376
-95.3806, -413, 949.977, 6644
-78.2326, -413, 945.018, 6644
-88.6798, -413, 1279.41, 6626
-99.3979, -425, 952.301, 6644
-89.9001, -425, 1276.57, 6626
-92.2478, -437, 1270.73, 6626
-93.7188, -449, 1266.86, 6626
-94.6622, -461, 1264.85, 6626
-96.3955, -473, 1260.07, 6626
-97.8478, -485, 1256.09, 6626
-98.8173, -497, 1251.47, 6626
-122.5, -509, 673.57, 3642
-99.7272, -509, 1247.44, 6626
-126.195, -521, 676.011, 3642
-100.678, -521, 1244.69, 6626
-127.109, -533, 682.238, 3642
-101.584, -533, 1241.04, 6626
127.5, -533, 1518.96, 6204
-130.098, -545, 691.285, 3642
-102.233, -545, 1236.93, 6626
131.147, -545, 1520.66, 6204
-130.168, -557, 695.051, 3642
-103.54, -557, 1232.98, 6626
129.205, -557, 1521.58, 6204
-130.383, -569, 701.178, 3642
-103.695, -569, 1228.49, 6626
125.644, -569, 1523.29, 6204
-130.845, -581, 710.252, 3642
-104.542, -581, 1224.98, 6626
124.064, -581, 1525.64, 6204
-131.049, -593, 712.497, 3642
-104.791, -593, 1221.26, 6626
120.243, -593, 1526.94, 6204
-131.351, -605, 720.272, 3642
-104.785, -605, 1217.13, 6626
116.502, -605, 1528.31, 6204
-130.597, -617, 726.399, 3642
-105.046, -617, 1213.49, 6626
113.979, -617, 1530.98, 6204
-131.567, -629, 730.388, 3642
-105.133, -629, 1209.64, 6626
109.458, -629, 1532.49, 6204
-130.714, -641, 738.431, 3642
-105.494, -641, 1206.15, 6626
105.347, -641, 1533.35, 6204
-130.636, -653, 744.926, 3642
-105.556, -653, 1202.54, 6626
101.433, -653, 1535.58, 6204
-129.95, -665, 750.759, 3642
-105.06, -665, 1197.69, 6626
96.3156, -665, 1537.86, 6204
-129.871, -677, 756.69, 3642
-105.509, -677, 1194.1, 6626
91.9972, -677, 1539, 6204
-129.243, -689, 762.869, 3642
-104.761, -689, 1190.84, 6626
86.5582, -689, 1542.4, 6204
172.5, -689, 677.116, 5378
-128.4, -701, 770.645, 3642
-104.483, -701, 1185.73, 6626
80.7434, -701, 1543.48, 6204
-128.31, -713, 775.341, 3642
-104.197, -713, 1182.28, 6626
76.9976, -713, 1544.02, 6204
177.5, -713, 662.045, 5378
-127.305, -725, 780.985, 3642
-103.352, -725, 1179.42, 6626
70.013, -725, 1547.43, 6204
182.5, -725, 656.012, 5378
-125.937, -740, 789.199, 3642
-101.711, -740, 1172.66, 6626
57.126, -740, 1549.29, 6204
187.117, -740, 647.476, 5378
-124.149, -758, 799.413, 3642
-100.502, -758, 1166.4, 6626
54.4136, -758, 1551.38, 6204
190.433, -758, 638.708, 5378
-123.024, -776, 808.093, 3642
-98.9234, -776, 1161.32, 6626
36.7055, -776, 1555.51, 6204
193.529, -776, 627.884, 5378
-120.511, -794, 817.659, 3642
-97.6618, -794, 1155.39, 6626
34.7412, -794, 1555.7, 6204
194.918, -794, 619.34, 5378
-118.752, -812, 827.215, 3642
-95.5148, -812, 1151.23, 6626
12.9302, -812, 1561.4, 6204
20.4124, -812, 1559.99, 6204
195.753, -812, 609.373, 5378
-116.525, -830, 835.587, 3642
-93.628, -830, 1144.01, 6626
6.64997, -830, 1563.9, 6204
197.349, -830, 600.156, 5378
-113.958, -848, 845.567, 3642
-91.0616, -848, 1138.34, 6626
-10.836, -848, 1566.27, 6204
198.948, -848, 590.922, 5378
-110.717, -866, 855.063, 3642
-88.5345, -866, 1132.89, 6626
-25.6252, -866, 1570.56, 6204
199.884, -866, 580.406, 5378
-108.144, -884, 863.246, 3642
-85.4644, -884, 1125.37, 6626
-43.8798, -884, 1573.8, 6204
200.063, -884, 572.66, 5378
-104.952, -902, 872.566, 3642
-82.045, -902, 1119.93, 6626
-63.2078, -902, 1576.83, 6204
200.663, -902, 561.462, 5378
-101.106, -920, 881.843, 3642
-85.6646, -920, 1581.73, 6204
-79.4878, -920, 1115.71, 6626
200.988, -920, 552.706, 5378
-102.506, -938, 1585.4, 6204
-88.5811, -938, 1582.18, 6204
-98.3566, -938, 890.36, 3642
-76.0173, -938, 1109.73, 6626
201.275, -938, 544.432, 5378
-132.763, -956, 1589.16, 6204
-94.997, -956, 901.128, 3642
-70.2307, -956, 1100.05, 6626
201.61, -956, 533.697, 5378
-147.066, -974, 1593.36, 6204
-137.91, -974, 1592.09, 6204
-90.1768, -974, 910.532, 3642
-69.852, -974, 1099.09, 6626
202.045, -974, 523.925, 5378
-186.014, -992, 1598.79, 6204
-169.004, -992, 1596.72, 6204
-85.4674, -992, 920.311, 3642
-63.9938, -992, 1090.87, 6626
201.783, -992, 515.056, 5378
-208.299, -1010, 1603.58, 6204
-81.535, -1010, 930.235, 3642
-59.9276, -1010, 1084.63, 6626
201.301, -1010, 505.914, 5378
256.391, -1010, 1636.81, 3893
257.403, -1010, 1430.11, 6349
-246.54, -1028, 1609.39, 6204
-227.929, -1028, 1605.92, 6204
-76.6302, -1028, 941.165, 3642
-54.3476, -1028, 1076.82, 6626
201.019, -1028, 495.375, 5378
255.734, -1028, 1636.97, 3893
257.859, -1028, 1435.8, 6349
-267.337, -1046, 1612.18, 6204
-72.7242, -1046, 947.333, 3642
-50.2094, -1046, 1073.35, 6626
200.442, -1046, 486.973, 5378
256.145, -1046, 1443.36, 6349
-67.604, -1064, 957.502, 3642
-45.5656, -1064, 1067.32, 6626
200.016, -1064, 476.588, 5378
254.858, -1064, 1450.52, 6349
-60.4352, -1082, 970.475, 3642
-39.6218, -1082, 1060.63, 6626
199.514, -1082, 467.483, 5378
253.517, -1082, 1455.87, 6349
-57.4986, -1100, 975.285, 3642
-32.9381, -1100, 1053.87, 6626
199.061, -1100, 459.381, 5378
251.06, -1100, 1464.27, 6349
-50.9974, -1118, 986.764, 3642
-28.9389, -1118, 1048.76, 6626
197.036, -1118, 449.796, 5378
249.388, -1118, 1470.86, 6349
-45.0722, -1136, 995.912, 3642
-21.8571, -1136, 1041.52, 6626
195.603, -1136, 439.981, 5378
247.026, -1136, 1478.35, 6349
-37.9644, -1154, 1007.01, 3642
-14.3003, -1154, 1035.13, 6626
194.857, -1154, 430.752, 5378
244.643, -1154, 1485.47, 6349
-32.0917, -1172, 1015.5, 6626
-9.67871, -1172, 1030.27, 6626
193.715, -1172, 420.937, 5378
241.782, -1172, 1492.53, 6349
-25.8698, -1190, 1024.61, 3642
-2.9426, -1190, 1024.54, 6626
191.14, -1190, 412.452, 5378
239.347, -1190, 1499.2, 6349
122.926, -405.92, 826.94, 5378
142.009, -394.902, 1499.09, 6204
137.352, -397.591, 1338.32, 5083
190.108, -367.133, 1181.34, 6349
220.15, -349.788, 230.868, 418
223.48, -347.865, 1498.99, 3893
247.968, -333.727, 960.255, 418
125.58, -418.244, 821.505, 5378
142.576, -408.432, 1500.17, 6204
142.395, -408.536, 1357.84, 5083
192.777, -379.448, 1187.21, 6349
225.303, -360.669, 218.361, 418
229.237, -358.397, 1500.45, 3893
255.145, -343.44, 947.798, 418
130.198, -429.434, 815.539, 5378
143.397, -421.814, 1501.98, 6204
147.92, -419.203, 1371.03, 5083
196.963, -390.888, 1189.91, 6349
231.163, -371.142, 207.896, 418
234.54, -369.192, 1502.59, 3893
262.81, -352.871, 938.795, 418
132.34, -442.054, 808.546, 5378
141.996, -436.479, 1504.91, 6204
153.646, -429.753, 1386.12, 5083
200.205, -402.872, 1195.01, 6349
237.151, -381.541, 193.971, 418
239.207, -380.355, 1505.06, 3893
272.671, -361.034, 927.257, 418
135.117, -454.307, 801.4, 5378
141.201, -450.795, 1505.89, 6204
158.915, -440.567, 1402.11, 5083
203.294, -414.945, 1200.12, 6349
243.92, -391.49, 1507.73, 3893
244.565, -391.117, 182.618, 418
283.243, -368.787, 915.946, 418
165.053, -450.88, 1419.68, 5083
206.139, -427.159, 1205.02, 6349
249.404, -402.18, 1510.18, 3893
253.127, -400.031, 169.759, 418
295.823, -375.38, 901.987, 418
168.888, -462.522, 1434.92, 5083
209.329, -439.174, 1209.25, 6349
254.124, -413.311, 1511.3, 3893
262.179, -408.66, 157.477, 418
308.008, -382.201, 890.648, 418
175.58, -472.515, 1447.82, 5083
212.223, -451.359, 1214.04, 6349
257.7, -425.103, 1515.68, 3893
272.247, -416.704, 145.646, 418
326.473, -385.397, 872.566, 418
149.181, -501.613, 775.212, 5378
180.996, -483.244, 1466.48, 5083
215.159, -463.52, 1218.79, 6349
262.975, -435.914, 1516.34, 3893
285.384, -422.976, 129.663, 418
345.838, -388.073, 854.375, 418
151.12, -514.35, 768.708, 5378
186.965, -493.655, 1481.59, 5083
217.917, -475.785, 1223.35, 6349
266.767, -447.581, 1520.33, 3893
297.312, -429.946, 117.396, 418
369.431, -388.308, 836.907, 418
156.213, -525.266, 762.586, 5378
192.701, -504.199, 1496.91, 5083
221.11, -487.797, 1227.59, 6349
270.741, -459.143, 1521.85, 3893
312.308, -435.144, 102.123, 418
158.084, -538.042, 755.194, 5378
198.531, -514.69, 1513.73, 5083
222.995, -500.566, 1233.76, 6349
273.992, -471.122, 1525.61, 3893
333.995, -436.48, 79.5413, 418
160.196, -550.679, 748.841, 5378
204.192, -525.278, 1527.68, 5083
226.284, -512.523, 1237.62, 6349
278.335, -482.472, 1527.02, 3893
348.365, -442.039, 67.3458, 418
361.781, -434.294, 50.7977, 418
165.451, -561.501, 743.079, 5378
210.275, -535.622, 1546.88, 5083
228.298, -525.217, 1242.43, 6349
280.893, -494.851, 1530.72, 3893
373.969, -441.114, 44.6723, 418
381.298, -436.882, 31.7624, 418
403.578, -424.018, 10.5972, 418
167.221, -574.336, 736.341, 5378
216.377, -545.956, 1559.53, 5083
229.924, -538.134, 1248.63, 6349
285.259, -506.187, 1532.49, 3893
411.744, -433.161, 1.28022, 418
168.952, -587.193, 728.813, 5378
222.47, -556.294, 1572.81, 5083
233.866, -549.715, 1251.69, 6349
287.759, -518.6, 1536.17, 3893
174.761, -597.695, 724.08, 5378
228.49, -566.675, 1594.97, 5083
236.135, -562.261, 1256.44, 6349
290.511, -530.867, 1538.17, 3893
176.431, -610.588, 716.866, 5378
234.782, -576.899, 1607.44, 5083
237.488, -575.337, 1262.55, 6349
294.37, -542.495, 1540.31, 3893
178.101, -623.48, 709.872, 5378
240.608, -587.392, 1266.47, 6349
241.155, -587.076, 1626.09, 5083
296.818, -554.939, 1543.35, 3893
450.899, -465.98, 442.71, 3643
184.101, -633.872, 699.046, 5378
242.032, -600.426, 1271.94, 6349
247.232, -597.424, 1632.65, 5083
299.134, -567.458, 1545.77, 3893
456.899, -476.372, 445.219, 3643
185.771, -646.765, 698.711, 5378
244.647, -612.772, 1276.34, 6349
301.859, -579.741, 1548.91, 3893
467.087, -484.347, 445.699, 3643
246.198, -625.734, 1281.52, 6349
304.327, -592.173, 1550.38, 3893
473.112, -494.725, 447.129, 3643
247.778, -638.678, 1286.96, 6349
306.792, -604.606, 1554.04, 3893
481.525, -503.723, 448.658, 3643
250.212, -651.129, 1290.98, 6349
309.012, -617.18, 1554.96, 3893
487.465, -514.15, 449.878, 3643
251.522, -664.229, 1296.47, 6349
310.625, -630.106, 1559.01, 3893
493.063, -524.775, 451.381, 3643
252.921, -677.277, 1301.63, 6349
311.275, -643.587, 1561.05, 3893
498.534, -535.473, 452.556, 3643
254.459, -690.246, 1306.69, 6349
313.92, -655.916, 1564.12, 3893
504.003, -546.172, 453.901, 3643
255.901, -706.734, 1313.07, 6349
314.2, -673.075, 1567.08, 3893
510.291, -559.862, 456.115, 3643
257.755, -726.448, 1321.1, 6349
313.981, -693.986, 1571.15, 3893
518.211, -576.073, 458.186, 3643
259.754, -746.079, 1328.15, 6349
317.379, -712.809, 1576.05, 3893
525.826, -592.462, 461.069, 3643
261.657, -765.764, 1335.43, 6349
317.097, -733.756, 1579.51, 3893
532.762, -609.242, 462.994, 3643
262.134, -786.274, 1343.6, 6349
317.058, -754.563, 1583.02, 3893
540.194, -625.736, 465.286, 3643
263.324, -806.371, 1351.15, 6349
313.55, -777.373, 1587.91, 3893
546.301, -642.994, 468.085, 3643
263.848, -826.853, 1358.56, 6349
313.613, -798.121, 1592.52, 3893
553.942, -659.368, 469.745, 3643
263.268, -847.973, 1367.11, 6349
309.938, -821.028, 1597.27, 3893
560.153, -676.566, 472.3, 3643
264.493, -868.05, 1374.3, 6349
306.313, -843.905, 1601.58, 3893
566.372, -693.76, 474.405, 3643
263.008, -889.692, 1382.89, 6349
301.16, -867.665, 1606.6, 3893
572.227, -711.164, 477.296, 3643
264.432, -909.654, 1389.89, 6349
295.628, -891.643, 1611.75, 3893
578.146, -728.532, 479.29, 3643
264.491, -930.405, 1396.79, 6349
291.252, -914.955, 1616.62, 3893
583.87, -746.012, 481.943, 3643
268.134, -949.087, 1403.35, 6349
282.918, -940.551, 1621.32, 3893
588.938, -763.87, 484.867, 3643
275.658, -965.527, 1625.76, 3893
595.2, -781.039, 487.067, 3643
277.477, -985.262, 1630.38, 3893
599.935, -799.09, 489.504, 3643
604.415, -817.288, 491.972, 3643
608.942, -835.459, 494.709, 3643
613.603, -853.553, 497.286, 3643
617.409, -872.14, 499.499, 3643
620.279, -891.268, 502.793, 3643
625.815, -908.856, 504.332, 3643
628.48, -928.102, 507.057, 3643
632.066, -946.816, 509.562, 3643
633.978, -966.497, 512.387, 3643
638.206, -984.841, 514.353, 3643
640.016, -1004.58, 516.671, 3643
322.558, -267.314, 412.331, 3643
391.045, -148.69, 539.696, 418
406.418, -122.063, 887.239, 5377
330.617, -277.355, 414.095, 3643
402.634, -152.617, 547.28, 418
419.311, -123.732, 882.086, 5377
339.094, -286.672, 415.543, 3643
412.984, -158.691, 561.85, 418
429.703, -129.732, 1289.93, 418
429.703, -129.732, 878.681, 5377
335.994, -316.042, 1569.95, 418
346.905, -297.144, 417.092, 3643
423.178, -165.035, 567.17, 418
441.718, -132.921, 1297.23, 418
442.595, -131.402, 873.393, 5377
347.976, -319.288, 1560.8, 418
354.497, -307.994, 419.119, 3643
432.54, -172.818, 581.785, 418
449.978, -142.615, 1309.84, 418
455.374, -133.268, 869.693, 5377
362.455, -318.209, 1541.86, 418
362.631, -317.905, 420.793, 3643
441.262, -181.712, 593.789, 418
456.647, -155.065, 1325.87, 418
465.88, -139.072, 865.707, 5377
370.78, -327.79, 421.884, 3643
377.237, -316.607, 1527.2, 418
450.133, -190.347, 601.272, 418
464.987, -164.618, 1333.67, 418
478.656, -140.943, 861.491, 5377
378.287, -338.788, 423.878, 3643
393.076, -313.172, 1510.64, 418
456.581, -203.178, 616.35, 418
470.518, -179.04, 1351.84, 418
489.165, -146.742, 857.118, 5377
385.963, -349.492, 425.485, 3643
410.671, -306.697, 1492.35, 418
463.948, -214.419, 627.622, 418
470.287, -203.439, 1374.98, 418
473.381, -198.081, 1366.45, 418
501.956, -148.587, 852.987, 5377
393.764, -359.981, 427.533, 3643
429.488, -298.106, 1469.54, 418
455.581, -252.911, 1424.53, 418
463.46, -239.264, 1410.5, 418
473.272, -222.269, 1390.33, 418
468.91, -229.824, 642.411, 418
514.398, -151.036, 848.594, 5377
398.949, -375, 801.658, 418
402.084, -369.57, 794.871, 418
400.646, -372.061, 429.044, 3643
458.447, -271.946, 1440.17, 418
468.917, -253.811, 1421.07, 418
471.946, -248.565, 1412.22, 418
473.075, -246.61, 657.379, 418
525.247, -156.246, 844.221, 5377
408.836, -381.875, 430.501, 3643
413.628, -373.575, 792.331, 418
470.733, -274.666, 684.996, 418
476.06, -265.44, 673.252, 418
537.63, -158.797, 839.979, 5377
415.408, -394.492, 432.704, 3643
432.324, -365.193, 775.494, 418
443.49, -345.853, 754.655, 418
451.29, -332.343, 738.664, 418
461.647, -314.403, 722.242, 418
471.091, -298.046, 703.615, 418
549.509, -162.223, 836.003, 5377
423.967, -403.668, 433.81, 3643
464.625, -333.246, 735.035, 418
469.193, -325.335, 725.747, 418
560.794, -166.676, 831.797, 5377
432.252, -413.317, 435.485, 3643
572.374, -170.62, 827.894, 5377
439.967, -423.955, 436.987, 3643
583.8, -174.829, 823.51, 5377
450.195, -430.239, 438.065, 3643
595.187, -179.106, 819.579, 5377
458.088, -440.569, 441.007, 3643
606.67, -183.217, 815.037, 5377
617.962, -187.658, 810.923, 5377
629.441, -191.776, 806.806, 5377
640.738, -196.209, 802.417, 5377
651.835, -200.988, 799.04, 5377
663.351, -205.043, 793.954, 5377
674.356, -209.982, 790.534, 5377
685.734, -214.275, 786.308, 5377
697.172, -218.463, 781.833, 5377
707.95, -223.794, 778.383, 5377
722.089, -229.306, 772.566, 5377
738.873, -236.235, 767.453, 5377
755.423, -243.569, 760.944, 5377
772.167, -250.568, 754.432, 5377
788.726, -257.887, 748.131, 5377
805.32, -265.145, 741.711, 5377
821.782, -272.631, 735.705, 5377
838.152, -280.279, 729.261, 5377
854.699, -287.619, 723.289, 5377
871.024, -295.342, 717.316, 5377
886.964, -303.733, 711.747, 5377
903.436, -311.203, 705.551, 5377
919.942, -318.613, 699.417, 5377
935.989, -326.82, 693.109, 5377
951.837, -335.37, 686.456, 5377
968.07, -343.253, 680.854, 5377
984.399, -350.972, 674.785, 5377
1000.57, -358.966, 668.545, 5377
1016.4, -367.536, 663.035, 5377
1032.12, -376.31, 657.237, 5377
1048.05, -384.717, 650.332, 5377
1063.78, -393.471, 644.624, 5377
1079.85, -401.642, 638.48, 5377
1095.66, -410.267, 632.671, 5377
1111.47, -418.886, 625.664, 5377
1127.18, -427.67, 619.691, 5377
413, 96.0579, -1486.37, 1110
425, 96.1996, -1504.24, 1110
437, 96.8335, -1521.58, 1110
449, 97.3055, -1534.03, 1110
461, 97.8157, -1552.85, 1110
473, 98.1358, -1567.81, 1110
485, 98.4384, -1584.86, 1110
497, 98.7766, -1601.17, 1110
509, 99.446, -1614.58, 1110
521, 98.9359, -1631.71, 1110
290.937, 308.918, -1154.36, 1135
122.063, 406.418, -825.693, 744
301.011, 316.959, -1161.3, 1135
124.014, 419.148, -822.14, 744
307.268, 327.203, -1169.5, 1135
129.732, 429.703, -815.217, 744
317.598, 335.095, -1177.63, 1135
131.741, 442.4, -806.97, 744
326.89, 343.587, -1187.11, 1135
135.569, 454.046, -800.494, 744
333.821, 353.442, -1194.18, 1135
140.25, 465.2, -793.905, 744
342.695, 362.175, -1202.7, 1135
144.717, 476.477, -787.321, 744
350.002, 371.812, -1209.59, 1135
149.651, 487.485, -781.889, 744
359.142, 380.392, -1219.41, 1135
153.977, 498.844, -774.026, 744
367.011, 389.705, -1227.38, 1135
159.019, 509.789, -769.298, 744
374.708, 399.118, -1234.9, 1135
163.517, 521.049, -761.708, 744
382.34, 408.568, -1244.85, 1135
168.454, 532.055, -756.111, 744
390.797, 417.541, -1253.97, 1135
173.283, 543.123, -749.354, 744
398.291, 427.071, -1262.11, 1135
178.107, 554.195, -742.814, 744
405.527, 436.75, -1267.56, 1135
182.851, 565.312, -735.438, 744
413.156, 446.202, -1276.34, 1135
187.809, 576.306, -730.088, 744
420.592, 455.765, -1284.73, 1135
192.565, 587.417, -722.972, 744
428.301, 465.17, -1290.81, 1135
197.755, 598.277, -717.042, 744
436.297, 474.411, -1302.29, 1135
202.894, 609.165, -710.719, 744
442.96, 484.42, -1306.42, 1135
207.802, 620.188, -704.333, 744
450.446, 493.954, -1318.23, 1135
212.858, 631.126, -697.937, 744
457.945, 503.481, -1326.18, 1135
217.652, 642.214, -689.236, 744
465.165, 513.169, -1332.84, 1135
222.977, 652.996, -685.761, 744
472.096, 523.024, -1340.35, 1135
228.555, 663.632, -681.178, 744
479.371, 532.68, -1349.74, 1135
233.437, 674.67, -672.247, 744
486.558, 542.387, -1357.73, 1135
238.606, 685.542, -665.393, 744
493.571, 552.195, -1365.48, 1135
243.759, 696.423, -658.945, 744
502.501, 564.36, -1377.66, 1135
250.471, 709.869, -652.606, 744
512.428, 579.413, -1385.34, 1135
258.432, 726.057, -641.798, 744
523.114, 594.027, -1401.7, 1135
266.243, 742.332, -631.705, 744
533.094, 609.05, -1411.22, 1135
274.75, 758.205, -622.99, 744
543.32, 623.931, -1425.02, 1135
282.681, 774.411, -613.253, 744
553.256, 638.979, -1435.88, 1135
290.865, 790.47, -603.675, 744
563.25, 653.994, -1448.05, 1135
299.148, 806.473, -594.346, 744
573.059, 669.115, -1461.19, 1135
307.398, 822.494, -584.513, 744
582.426, 684.492, -1468.08, 1135
315.762, 838.45, -574.812, 744
592.201, 699.633, -1482.57, 1135
324.402, 854.246, -564.357, 744
601.641, 714.967, -1497.87, 1135
332.928, 870.108, -555.809, 744
610.729, 730.504, -1507.04, 1135
341.407, 885.998, -546.869, 744
620.177, 745.835, -1520.1, 1135
350.117, 901.754, -537.429, 744
629.253, 761.379, -1530.62, 1135
358.905, 917.464, -528.25, 744
638.289, 776.946, -1542.88, 1135
367.72, 933.16, -517.271, 744
647.057, 792.669, -1555.52, 1135
376.396, 948.935, -507.402, 744
655.934, 808.328, -1568.3, 1135
385.437, 964.5, -499.538, 744
664.717, 824.042, -1579.18, 1135
394.449, 980.081, -489.941, 744
673.495, 839.759, -1592.89, 1135
403.552, 995.61, -479.345, 744
681.599, 855.865, -1608.35, 1135
412.8, 1011.06, -469.669, 744
690.222, 871.671, -1614.72, 1135
422.015, 1026.52, -461.578, 744
698.456, 887.702, -1629.89, 1135
431.446, 1041.86, -450.849, 744
707.045, 903.527, -1636.57, 1135
440.783, 1057.25, -441.555, 744
450.307, 1072.54, -432.222, 744
459.627, 1087.94, -423.052, 744
469.299, 1103.14, -413.811, 744
97.4179, 413, -510.665, 2702
78.5163, 413, -1324.75, 2455
67.0068, 413, -1345.48, 2455
60.7848, 413, -1571.33, 629
50.0408, 413, -1381.59, 2466
-58.5997, 413, -1131.05, 742
99.7659, 425, -514.885, 2702
86.6724, 425, -1335.06, 2455
69.6542, 425, -1344.37, 2455
62.9748, 425, -1576.07, 629
51.7789, 425, -1381.57, 2466
-58.7451, 425, -1133.41, 742
99.9319, 437, -519.988, 2702
85.147, 437, -1348.91, 2455
71.4658, 437, -1342.6, 2455
64.452, 437, -1578.78, 629
53.3929, 437, -1381.39, 2466
-59.3078, 437, -1136.49, 742
99.5747, 449, -523.366, 2702
90.2333, 449, -1363.81, 3023
75, 449, -1341.77, 2455
66.0343, 449, -1582.54, 629
54.5955, 449, -1381.35, 2466
-59.3265, 449, -1138.99, 742
97.8255, 461, -529.389, 2702
91.9661, 461, -1377.61, 3023
75.9052, 461, -1340.33, 2455
68.1274, 461, -1587, 629
56.4448, 461, -1381.58, 2466
-59.271, 461, -1141.88, 742
95.9797, 473, -534.079, 2702
94.0467, 473, -1395.27, 3023
78.3786, 473, -1339.37, 2455
69.736, 473, -1590.2, 629
58.1948, 473, -1381.81, 2466
-59.5883, 473, -1144.93, 742
95.3881, 485, -1405.08, 3023
94.0647, 485, -537.615, 2702
80.4256, 485, -1338.42, 2455
71.7967, 485, -1593.7, 629
59.9726, 485, -1382.1, 2466
-59.5034, 485, -1148.11, 742
96.9615, 497, -1420.66, 3023
90.8193, 497, -541.769, 2702
83.1518, 497, -1336.38, 2455
74.1009, 497, -1598.21, 629
61.597, 497, -1382.02, 2466
-59.7865, 497, -1149.75, 742
98.7908, 509, -1435.31, 3023
85.3866, 509, -1335.36, 2455
86.0457, 509, -548.579, 2702
76.1608, 509, -1602.38, 629
63.3492, 509, -1381.63, 2466
-59.2941, 509, -1152.31, 742
100.347, 521, -1451.68, 3023
87.6439, 521, -1334.31, 2455
82.934, 521, -552.584, 2702
78.2794, 521, -1604.95, 629
65.0881, 521, -1381.76, 2466
-58.9132, 521, -1155.83, 742
101.217, 533, -1463.96, 3023
90.4245, 533, -1333.35, 2455
80.3523, 533, -1609.38, 629
80.8762, 533, -554.339, 2702
66.6763, 533, -1381.86, 2466
-58.6494, 533, -1158.49, 742
103.289, 545, -1479.18, 3023
93.2128, 545, -1331.77, 2455
82.5285, 545, -1612.58, 629
72.0189, 545, -562.089, 2702
68.6816, 545, -1382.39, 2466
-59.0698, 545, -1160.93, 742
104.415, 557, -1494.82, 3023
95.8098, 557, -1330.04, 2455
85.2266, 557, -1616.51, 629
70.2459, 557, -1381.58, 2466
67.3466, 557, -566.237, 2702
-57.8289, 557, -1163.6, 742
105.869, 569, -1508.82, 3023
98.8542, 569, -1329.11, 2455
87.331, 569, -1620.48, 629
72.9155, 569, -1382.44, 2466
58.6181, 569, -573.196, 2702
-57.1539, 569, -1166.98, 742
106.644, 581, -1523.1, 3023
101.413, 581, -1328.3, 2455
90.3352, 581, -1625.24, 629
74.0751, 581, -1382.22, 2466
51.2741, 581, -577.156, 2702
-56.6584, 581, -1168.86, 742
108.539, 593, -1538.85, 3023
104.675, 593, -1326.66, 2455
92.5263, 593, -1627.55, 629
75.7243, 593, -1382.61, 2466
41.137, 593, -583.505, 2702
-55.9015, 593, -1172.24, 742
109.375, 605, -1552.05, 3023
107.481, 605, -1324.95, 2455
95.5605, 605, -1631.79, 629
78.5738, 605, -1382.3, 2466
28.5553, 605, -589.786, 2702
-55.2563, 605, -1175.01, 742
110.161, 617, -1324.03, 2455
110.697, 617, -1565.07, 3023
98.289, 617, -1636.71, 629
80.0071, 617, -1382.48, 2466
19.2603, 617, -596.136, 2702
-54.4102, 617, -1178.04, 742
111.552, 629, -1580.27, 3023
113.723, 629, -1322.95, 2455
99.1528, 629, -1637.08, 629
82.2231, 629, -1382.75, 2466
1.9388, 629, -603.808, 2702
-53.8565, 629, -1180, 742
116.22, 641, -1321.74, 2455
112.576, 641, -1590.86, 3023
84.4153, 641, -1382.74, 2466
-12.6839, 641, -611.889, 2702
-52.466, 641, -1183.38, 742
119.508, 653, -1320.01, 2455
113.42, 653, -1609.87, 3023
86.2516, 653, -1382.38, 2466
-28.2947, 653, -619.511, 2702
-51.1849, 653, -1186.51, 742
123.042, 665, -1318.43, 2455
114.458, 665, -1621.26, 3023
88.389, 665, -1382.6, 2466
-61.4944, 665, -632.405, 2702
-50.1075, 665, -1189.11, 742
125.576, 677, -1317.86, 2455
115.595, 677, -1634.72, 3023
90.2571, 677, -1382.65, 2466
-49.7234, 677, -1190.89, 742
-82.2347, 677, -641.78, 2702
-101.185, 677, -649.557, 2702
-113.995, 677, -655.733, 2702
-134.58, 677, -662.62, 2702
-170, 677, -674.025, 2702
129.258, 689, -1316.52, 2455
92.3599, 689, -1382.66, 2466
-47.934, 689, -1194.42, 742
-114.259, 689, -653.996, 2702
-136.678, 689, -663.081, 2702
-159.703, 689, -672.583, 2702
-171.046, 689, -677.314, 2702
132.281, 701, -1315.15, 2455
94.9712, 701, -1382.98, 2466
-46.3659, 701, -1197, 742
135.804, 713, -1313.48, 2455
96.7365, 713, -1382.68, 2466
-44.9725, 713, -1199.64, 742
139.39, 725, -1312.5, 2455
99.1228, 725, -1382.81, 2466
-43.5342, 725, -1202.33, 742
144.053, 740, -1310.65, 2455
101.58, 740, -1382.88, 2466
-41.2547, 740, -1205.93, 742
148.866, 758, -1308.69, 2455
105.711, 758, -1383.08, 2466
-38.9978, 758, -1209.8, 742
154.273, 776, -1306.93, 2455
108.824, 776, -1383.18, 2466
-35.7926, 776, -1214.55, 742
159.748, 794, -1305.21, 2455
112.15, 794, -1383.04, 2466
-33.53, 794, -1217.97, 742
165.456, 812, -1302.69, 2455
116.049, 812, -1383.22, 2466
-30.0323, 812, -1222.95, 742
170.608, 830, -1301.17, 2455
119.981, 830, -1383.06, 2466
-27.0528, 830, -1226.59, 742
176.543, 848, -1299.03, 2455
123.837, 848, -1383.31, 2466
-23.5913, 848, -1231.42, 742
184.255, 866, -1296.69, 2455
127.25, 866, -1383.37, 2466
-20.1775, 866, -1235.64, 742
189.755, 884, -1295.69, 2455
131.138, 884, -1383.42, 2466
-15.7906, 884, -1239.97, 742
195.496, 902, -1292.78, 2455
135.33, 902, -1383.16, 2466
-12.7102, 902, -1243.56, 742
200.256, 920, -1291.38, 2455
139.523, 920, -1383.45, 2466
-8.18783, 920, -1248.33, 742
206.942, 938, -1289.73, 2455
143.861, 938, -1383.51, 2466
-4.06092, 938, -1252.48, 742
214.397, 956, -1287.22, 2455
147.615, 956, -1383.72, 2466
1.33829, 956, -1258.04, 742
220.333, 974, -1285.27, 2455
152.069, 974, -1383.66, 2466
4.69419, 974, -1261.05, 742
227.252, 992, -1283.47, 2455
156.674, 992, -1383.75, 2466
9.84169, 992, -1265.88, 742
234.56, 1010, -1281.37, 2455
160.707, 1010, -1383.83, 2466
14.827, 1010, -1270.07, 742
242.434, 1028, -1279.48, 2455
165.74, 1028, -1383.92, 2466
19.9832, 1028, -1274.44, 742
247.551, 1046, -1277.89, 2455
170.164, 1046, -1384.11, 2466
26.0628, 1046, -1279.61, 742
255.439, 1064, -1275.75, 2455
174.125, 1064, -1384.05, 2466
30.6292, 1064, -1283.08, 742
263.157, 1082, -1273.79, 2455
179.717, 1082, -1384.25, 2466
36.2364, 1082, -1287.49, 742
270.592, 1100, -1271.92, 2455
185.024, 1100, -1384, 2466
42.9886, 1100, -1292.3, 742
188.508, 1118, -1384.47, 2466
48.936, 1118, -1296.25, 742
210.156, 1136, -1377.14, 2466
193.874, 1136, -1384.68, 2466
55.7301, 1136, -1300.89, 742
199.276, 1154, -1385.07, 2466
61.3001, 1154, -1304.59, 742
301.156, 1172, -1264.19, 2455
203.797, 1172, -1385.17, 2466
68.4298, 1172, -1309.03, 742
306.514, 1190, -1262.75, 2455
209.226, 1190, -1385.14, 2466
75.1802, 1190, -1313.4, 742
-187.098, 368.87, -99.608, 2702
-186.818, 369.032, -55.7775, 2702
-187.713, 368.515, -130.676, 2702
-191.345, 366.418, -72.7942, 2702
-231.236, 343.387, -1282.84, 2871
-192.119, 379.828, -41.4807, 2702
-235.808, 354.604, -1279.15, 2871
-301.268, 316.811, -699.044, 2212
-195.727, 391.601, -21.4819, 2702
-240.348, 365.839, -1275.19, 2871
-307.268, 327.203, -684.246, 2212
-199.117, 403.5, -10.1115, 2702
-245.462, 376.743, -1272.31, 2871
-317.284, 335.276, -661.846, 2212
-201.972, 415.708, 2.09652, 2702
-249.677, 388.166, -1268.18, 2871
-324.336, 345.061, -648.124, 2212
-254.254, 399.38, -1265.2, 2871
-329.969, 355.666, -627.964, 2212
-258.47, 410.802, -1260.56, 2871
-335.269, 366.462, -611.089, 2212
-263.05, 422.014, -1257.56, 2871
-340.793, 377.129, -589.123, 2212
-267.282, 433.427, -1253.59, 2871
-346.235, 387.844, -572.288, 2212
-271.393, 444.91, -1249.83, 2871
-351.457, 398.685, -555.991, 2212
-275.692, 456.285, -1246.58, 2871
-357.185, 409.235, -532.926, 2212
-279.905, 467.708, -1242.43, 2871
-362.687, 419.914, -527.631, 2212
-387.248, 405.734, -833.751, 2702
-283.645, 479.406, -1238.92, 2871
-367.561, 430.957, -498.992, 2212
-393.583, 415.933, -829.419, 2702
-287.872, 490.822, -1235.51, 2871
-372.788, 441.795, -480.965, 2212
-395.648, 428.597, -825.633, 2702
-291.635, 502.505, -1232.17, 2871
-378.046, 452.616, -465.797, 2212
-395.36, 442.62, -819.618, 2702
-295.257, 514.271, -1227.55, 2871
-383.167, 463.516, -446.7, 2212
-394.964, 456.705, -814.05, 2702
-298.726, 526.125, -1224.08, 2871
-388.24, 474.443, -427.282, 2212
-393.845, 471.208, -807.892, 2702
-303.622, 537.154, -1221.29, 2871
-391.041, 486.683, -801.887, 2702
-393.442, 485.296, -411.152, 2212
-306.826, 549.16, -1217.51, 2871
-385.69, 503.628, -794.135, 2702
-398.371, 496.307, -389.514, 2212
-310.33, 560.994, -1213.15, 2871
-384.492, 518.176, -789.271, 2702
-403.375, 507.274, -375.682, 2212
-396.277, 511.372, -361.079, 2212
-313.627, 572.947, -1209.22, 2871
-376.064, 536.899, -781.544, 2702
-408.041, 518.437, -354.583, 2212
-318.029, 584.262, -1207.37, 2871
-368.419, 555.169, -773.307, 2702
-413.107, 529.369, -337.25, 2212
-320.908, 596.456, -1202.63, 2871
-342.451, 584.018, -758.228, 2702
-354.223, 577.221, -763.627, 2702
-417.975, 540.414, -319.117, 2212
-204.147, 677.724, -691.295, 2702
-220.339, 668.376, -699.031, 2702
-325.224, 607.821, -744.337, 2702
-338.51, 600.15, -752.786, 2702
-324.194, 608.415, -1198.57, 2871
-422.701, 551.542, -298.712, 2212
-227.855, 677.893, -698.859, 2702
-242.922, 669.194, -705.463, 2702
-253.725, 662.957, -711.752, 2702
-271.904, 652.461, -718.905, 2702
-289.307, 642.414, -726.838, 2702
-307.402, 631.967, -735.1, 2702
-317.366, 626.214, -740.384, 2702
-327.512, 620.356, -1194.72, 2871
-427.471, 562.644, -280.936, 2212
-331.059, 632.165, -1191.5, 2871
-334.14, 644.242, -1187.68, 2871
-436.344, 585.235, -238.96, 2212
-337.849, 659.421, -1182.55, 2871
-442.889, 598.777, -228.361, 2212
-342.788, 677.354, -1177.31, 2871
-449.133, 615.956, -191.489, 2212
-347.099, 695.65, -1171.66, 2871
-456.16, 632.684, -167.699, 2212
-350.904, 714.238, -1165.63, 2871
-462.639, 649.728, -138.488, 2212
-355.103, 732.598, -1159.97, 2871
-469.318, 666.656, -114.321, 2212
-358.832, 751.229, -1153.91, 2871
-475.672, 683.772, -85.5861, 2212
-363.147, 769.523, -1148.76, 2871
-481, 701.481, -48.1991, 2212
-491.117, 695.64, -47.4535, 2212
-366.538, 788.35, -1142.89, 2871
-488.971, 717.663, -41.6507, 2212
-370.949, 806.588, -1138.02, 2871
-495.283, 734.803, -9.86541, 2212
-373.666, 825.804, -1132, 2871
-377.255, 844.516, -1126.25, 2871
-380.843, 863.229, -1120.86, 2871
-382.259, 883.196, -1113.92, 2871
-385.554, 902.079, -1108.7, 2871
-388.841, 920.965, -1103.21, 2871
-390.856, 940.586, -1097.13, 2871
-392.095, 960.656, -1090.64, 2871
-394.968, 979.782, -1085.23, 2871
-397.945, 998.848, -1080.33, 2871
-398.47, 1019.33, -1073.25, 2871
-401.643, 1038.28, -1068.54, 2871
-401.547, 1059.12, -1061.59, 2871
-402.974, 1079.08, -1055.42, 2871
-403.824, 1099.38, -1049.86, 2871
-404.646, 1119.69, -1043.39, 2871
-405.529, 1139.96, -1037.92, 2871
-323.451, 265.766, -922.183, 2702
-322.612, 267.22, -895.586, 2702
-323.918, 264.957, -973.024, 2702
-323.918, 264.957, -949.454, 2702
-331.794, 275.316, -891.082, 2702
-339.942, 285.204, -886.668, 2702
-347.678, 295.803, -880.974, 2702
-355.877, 305.603, -877.143, 2702
-362.203, 318.647, -870.925, 2702
-369.446, 330.101, -865.562, 2702
-387.973, 370.011, -849.089, 2702
-587.295, 168.776, -1488.66, 2210
-597.66, 174.823, -1489.49, 2210
-608.291, 180.408, -1491.41, 2210
-618.351, 186.984, -1493.28, 2210
-628.086, 194.123, -1494.07, 2210
-638.103, 200.773, -1494.19, 2210
-595.886, 297.895, -1495.71, 2210
-532.549, 431.598, -1489.61, 2210
-658.431, 213.564, -1497.63, 2210
-609.413, 322.465, -1498.97, 2210
-678.036, 227.608, -1499.77, 2210
-687.945, 234.444, -1500.48, 2210
-697.71, 241.531, -1502.6, 2210
-710.063, 250.135, -1504.41, 2210
-724.62, 260.921, -1505.26, 2210
-739.295, 271.504, -1507.26, 2210
-753.709, 282.537, -1509.66, 2210
-768.273, 293.312, -1510.63, 2210
-782.62, 304.463, -1512.4, 2210
-796.972, 315.605, -1515.18, 2210
-810.97, 327.359, -1516.39, 2210
-825.485, 338.218, -1517.48, 2210
-839.322, 350.252, -1520.62, 2210
-853.669, 361.401, -1521.58, 2210
-867.502, 373.442, -1523.23, 2210
-881.193, 385.729, -1526.02, 2210
-895.354, 397.201, -1526.99, 2210
-908.901, 409.737, -1528.46, 2210
-922.704, 421.83, -1531.03, 2210
-936.385, 434.134, -1532.31, 2210
-950.086, 446.402, -1533.41, 2210
-963.585, 459.021, -1536.36, 2210
-976.668, 472.362, -1537.88, 2210
-990.591, 484.247, -1538.4, 2210
-1003.57, 497.769, -1541.35, 2210
-1017.14, 510.267, -1543.06, 2210
-1029.89, 524.183, -1544.12, 2210
-1043.27, 536.995, -1546.21, 2210
-1056.36, 550.339, -1548.56, 2210
-413, 61.9131, -1466.11, 2210
-413, -62.1019, -1599.45, 2207
-425, 69.631, -1467.08, 2210
-425, -62.2594, -1603.38, 2207
-437, 75.5434, -1468.3, 2210
-437, -62.7785, -1609.7, 2207
-449, 82.8642, -1470.9, 2210
-449, -62.9363, -1614.88, 2207
-461, 89.7172, -1471.79, 2210
-461, -63.5561, -1620.42, 2207
-473, 95.4861, -1472.93, 2210
-473, -63.9985, -1625.66, 2207
-485, 103.684, -1475.24, 2210
-485, -65.4522, -1631.6, 2207
-497, 109.808, -1476.8, 2210
-497, -66.1154, -1635.5, 2207
-509, 118.582, -1478.06, 2210
-509, -67.5, -1636.95, 2207
-521, 124.319, -1479.16, 2210
-533, 127.5, -1481.59, 2210
-545, 132.5, -1482.58, 2210
-1082, -122.031, -964.563, 2718
-1100, -67.5201, -947.908, 2718
-1100, -75.9297, -950.664, 2718
-1100, -85.5499, -953.851, 2718
-1100, -116.824, -961.493, 2718
-1100, -133.99, -967.618, 2718
-1100, -149.988, -973.531, 2718
-1100, -166.498, -979.32, 2718
-1118, -44.5903, -940.264, 2718
-1118, -184.901, -984.824, 2718
-1118, -202.668, -990.013, 2718
-1136, -25.8651, -931.842, 2718
-1136, -223.835, -994.959, 2718
-1154, -10.2164, -922.737, 2718
-1154, -226.731, -1002.38, 2718
-1172, -0.124855, -915.222, 2718
-1172, -236.717, -1008.73, 2718
-1190, 6.18132, -909.272, 2718
-1190, -241.545, -1013.72, 2718
-370.529, -184.224, -1134.32, 2007
-381.538, -189.156, -1122.64, 2007
-392.431, -194.289, -1114.04, 2007
-403.549, -199.033, -1103.14, 2007
-414.29, -204.428, -1095.47, 2007
-425.006, -209.869, -1087.75, 2007
-436.41, -214.116, -1076.37, 2007
-447.475, -218.951, -1067.45, 2007
-458.515, -223.829, -1058.36, 2007
-469.497, -228.808, -1049.17, 2007
-480.691, -233.419, -1039.39, 2007
-491.712, -238.329, -1030.68, 2007
-502.988, -242.799, -1020.67, 2007
-514.079, -247.589, -1012.4, 2007
-525.495, -251.816, -1000.89, 2007
-536.452, -256.838, -994.758, 2007
-547.888, -261.03, -983.584, 2007
-559.12, -265.576, -974.882, 2007
-570.353, -270.119, -965.92, 2007
-581.797, -274.297, -955.329, 2007
-593.112, -278.7, -946.237, 2007
-604.476, -283.017, -937.44, 2007
-615.764, -287.465, -928.86, 2007
-627.364, -291.374, -917.665, 2007
-638.655, -295.816, -910.199, 2007
-650.261, -299.714, -899.221, 2007
-661.534, -304.189, -891.216, 2007
-675.89, -309.324, -880.324, 2007
-693.746, -314.396, -861.447, 2007
-709.913, -322.395, -854.896, 2007
-728.102, -326.891, -836.566, 2007
-745.602, -332.58, -822.346, 2007
-763.134, -338.213, -808.063, 2007
-781.002, -343.265, -793.06, 2007
-798.458, -349.031, -780.307, 2007
-816.203, -354.296, -765.411, 2007
-833.805, -359.807, -752.449, 2007
-851.692, -364.827, -737.158, 2007
-869.645, -369.731, -723.149, 2007
-887.453, -374.887, -709.334, 2007
-905.392, -379.815, -695.297, 2007
-923.504, -384.444, -681.094, 2007
-941.448, -389.364, -666.431, 2007
-959.848, -393.495, -651.752, 2007
-978.013, -398.032, -638.224, 2007
-996.457, -402.086, -623.109, 2007
-1014.73, -406.433, -608.03, 2007
-1032.81, -411.122, -595.145, 2007
-1051.71, -414.382, -579.12, 2007
-1069.95, -418.791, -566.225, 2007
-1088.97, -421.847, -548.775, 2007
-1106.99, -426.63, -537.766, 2007
-1126.16, -429.426, -520.212, 2007
-284.965, -312.367, -826.408, 1686
-235.57, -340.885, -1565.01, 2657
-124.713, -404.888, -1528.48, 1368
-293.2, -321.469, -821.334, 1686
-242.474, -350.755, -1569.51, 2657
-135.804, -412.341, -1536.31, 1368
-301.555, -330.501, -816.084, 1686
-249.584, -360.507, -1572.15, 2657
-147.372, -419.519, -1541.3, 1368
-309.931, -339.522, -810.413, 1686
-256.63, -370.295, -1577.2, 2657
-159.515, -426.364, -1548.27, 1368
-317.922, -348.765, -805.646, 1686
-263.564, -380.148, -1581.32, 2657
-172.204, -432.895, -1554.51, 1368
-326.414, -357.718, -800.342, 1686
-249.286, -402.248, -1586.17, 1368
-189.112, -436.99, -1564.06, 1368
-334.394, -366.967, -795.935, 1686
-279.306, -398.772, -1589.86, 1368
-203.914, -442.3, -1570.63, 1368
-343.148, -375.77, -789.984, 1686
-268.82, -418.683, -1593.39, 1368
-222.58, -445.379, -1580.92, 1368
-351.159, -385.001, -785.275, 1686
-292.884, -418.646, -1598.4, 2657
-229.803, -455.066, -1588.35, 1368
-359.552, -394.011, -780.597, 1686
-303.801, -426.199, -1603.22, 1368
-266.172, -447.924, -1602.75, 1368
-259.242, -451.925, -1597.73, 1368
-367.699, -403.164, -775.769, 1686
-307.449, -437.95, -1606.86, 2657
-297.376, -443.765, -1617.75, 1368
-288.971, -448.618, -1611.84, 1368
-376.522, -411.926, -769.738, 1686
-339.056, -433.558, -1636.9, 1368
-325.593, -441.331, -1631.04, 2657
-319.945, -444.591, -1626.99, 1368
-313.687, -448.205, -1612.02, 1368
-384.686, -421.069, -764.888, 1686
-345.617, -443.626, -1638.72, 1368
-322.403, -457.029, -1615.24, 2657
-393.076, -430.082, -760.296, 1686
-330.19, -466.39, -1619.74, 2657
-402.104, -438.726, -754.209, 1686
-337.659, -475.934, -1623.64, 2657
-410.252, -447.878, -749.784, 1686
-345.365, -485.341, -1627.75, 2657
-419.384, -456.462, -743.755, 1686
-353.424, -494.545, -1632.26, 2657
-427.358, -465.715, -739.696, 1686
-360.851, -504.113, -1636.63, 2657
-436.029, -474.565, -734.232, 1686
-368.627, -513.48, -1637.21, 2657
-445.211, -483.12, -728.882, 1686
-453.254, -492.333, -724.053, 1686
-462.016, -501.131, -718.731, 1686
-471.083, -509.752, -713.14, 1686
-479.673, -518.649, -708.075, 1686
-488.259, -527.549, -703.135, 1686
-497.118, -536.29, -698.158, 1686
-505.891, -545.082, -692.753, 1686
-517.478, -555.712, -686.137, 1686
-529.973, -569.283, -679.321, 1686
-544.669, -581.583, -668.857, 1686
-556.48, -595.548, -664.435, 1686
-570.871, -608.024, -655.336, 1686
-584.625, -620.868, -646.8, 1686
-598.169, -633.833, -639.334, 1686
-611.444, -646.953, -632.099, 1686
-624.913, -659.962, -624.461, 1686
-639.275, -672.454, -616.167, 1686
-653.412, -685.077, -608.011, 1686
-666.417, -698.353, -601.472, 1686
-681.247, -710.575, -592.615, 1686
-695.044, -723.395, -584.748, 1686
-708.674, -736.31, -577.486, 1686
-723.187, -748.715, -568.865, 1686
-737.311, -761.345, -561.505, 1686
-751.008, -774.222, -554.617, 1686
-766.7, -785.947, -544.87, 1686
-779.372, -799.415, -539.109, 1686
-793.042, -812.308, -531.125, 1686
-809.19, -823.769, -523.132, 1686
-820.859, -837.817, -516.137, 1686
-834.35, -850.812, -508.597, 1686
-847.882, -863.784, -500.888, 1686
-861.303, -876.82, -492.637, 1686
37.8905, -413, -1365.31, 985
40.7052, -425, -1377.39, 985
44.2763, -437, -1391.92, 985
47.1399, -449, -1402.71, 985
49.9209, -461, -1413.73, 985
53.7341, -473, -1427.32, 985
54.9392, -485, -1432.84, 985
58.99, -497, -1448.3, 985
62.7777, -509, -1460.58, 985
65.6115, -521, -1471.3, 985
68.8064, -533, -1483.17, 985
72.4671, -545, -1496.13, 985
74.9352, -557, -1504.63, 985
80.1708, -569, -1522.1, 985
81.8494, -581, -1527.72, 985
86.1391, -593, -1543.51, 985
89.0611, -605, -1552.04, 985
93.4469, -617, -1566.16, 985
96.3187, -629, -1575.76, 985
101.25, -641, -1591.83, 985
104.041, -653, -1600.3, 985
107.09, -665, -1610.89, 985
111.757, -677, -1626.05, 985
115.316, -689, -1636.17, 985
424.239, -439.803, -717.339, 833
430.239, -450.195, -712.954, 833
440.569, -458.088, -705.164, 833
450.803, -466.036, -698.831, 833
456.899, -476.372, -693.539, 833
466.971, -484.414, -687.468, 833
473.229, -494.657, -681.546, 833
482.976, -502.886, -675.44, 833
491.339, -511.914, -669.542, 833
498.561, -521.601, -663.811, 833
506.408, -530.927, -658.048, 833
513.806, -540.512, -652.615, 833
522.913, -552.574, -644.214, 833
533.75, -567.102, -636.552, 833
544.523, -581.667, -626.871, 833
555.575, -596.071, -618.117, 833
566.105, -610.776, -610.3, 833
576.815, -625.377, -600.75, 833
587.26, -640.131, -593.145, 833
597.793, -654.835, -584.206, 833
607.941, -669.76, -575.75, 833
618.35, -684.535, -566.782, 833
628.438, -699.496, -557.85, 833
638.35, -714.558, -550.28, 833
648.089, -729.72, -541.24, 833
658.305, -744.606, -532.835, 833
668.211, -759.671, -523.411, 833
677.852, -774.89, -515.628, 833
687.471, -790.121, -504.53, 833
696.699, -805.577, -499.437, 833
706.377, -820.774, -489.454, 833
715.716, -836.167, -480.735, 833
725.086, -851.542, -471.814, 833
734.391, -866.954, -463.793, 833
743.479, -882.492, -454.654, 833
752.576, -898.024, -446.634, 833
761.469, -913.675, -438.486, 833
770.334, -929.341, -429.483, 833
308.918, -290.937, -807.194, 833
317.289, -276.44, -421.007, 1609
334.689, -246.301, -1267.55, 1997
381.533, -165.166, -291.974, 418
403.591, -126.96, -1110.07, 1104
316.811, -301.268, -800.594, 833
327.065, -283.508, -420.186, 1609
344.663, -253.026, -1264.2, 1997
392.987, -169.327, -280.896, 418
414.642, -131.82, -1116.57, 1104
327.203, -307.268, -796.217, 833
336.74, -290.749, -420.394, 1609
354.527, -259.941, -1259.99, 1997
404.433, -173.502, -267.565, 418
425.502, -137.01, -1122.46, 1104
335.095, -317.598, -789.019, 833
346.726, -297.452, -420.666, 1609
364.447, -266.759, -1256.41, 1997
414.978, -179.238, -258.766, 418
436.2, -142.479, -1127.86, 1104
342.988, -327.928, -782.72, 833
356.569, -304.405, -421.43, 1609
374.417, -273.49, -1252.24, 1997
425.115, -185.679, -244.299, 418
446.839, -148.051, -1134.12, 1104
353.38, -333.928, -778.024, 833
366.49, -311.221, -422.618, 1609
384.327, -280.326, -1248.22, 1997
434.394, -193.608, -230.987, 418
457.79, -153.085, -1140, 1104
361.272, -344.258, -771.749, 833
376.392, -318.069, -422.922, 1609
394.175, -287.268, -1244.37, 1997
443.7, -201.489, -223.527, 418
468.524, -158.493, -1146.37, 1104
386.479, -324.598, -422.974, 1609
403.992, -294.265, -1241.16, 1997
451.979, -211.15, -210.963, 418
479.317, -163.798, -1151.7, 1104
396.734, -330.836, -423.397, 1609
413.716, -301.423, -1236.74, 1997
459.017, -222.959, -196.136, 418
489.953, -169.376, -1157.06, 1104
407.011, -337.036, -424.093, 1609
423.578, -308.342, -1233.14, 1997
467.169, -232.839, -185.982, 418
500.602, -174.932, -1163.35, 1104
416.84, -344.012, -424.879, 1609
433.346, -315.422, -1228.76, 1997
473.294, -246.231, -171.812, 418
511.283, -180.433, -1169.09, 1104
427.366, -349.78, -424.666, 1609
443.119, -322.496, -1225.76, 1997
478.66, -260.937, -157.675, 418
521.89, -186.06, -1175.85, 1104
437.841, -355.636, -424.775, 1609
452.761, -329.796, -1221.4, 1997
481.751, -279.583, -138.91, 418
485.016, -273.928, -147.362, 418
532.385, -191.881, -1180.74, 1104
447.758, -362.461, -424.474, 1609
462.528, -336.878, -1217.59, 1997
484.14, -299.445, -122.52, 418
542.954, -197.576, -1187.08, 1104
437.518, -404.196, -6.39317, 418
446.008, -389.492, -22.6359, 418
451.585, -379.832, -37.6727, 418
469.98, -347.97, -70.7907, 418
476.428, -336.803, -88.1214, 418
458.196, -368.382, -427.405, 1609
472.214, -344.101, -1213.93, 1997
553.367, -203.54, -1192.77, 1104
462.134, -385.56, -33.768, 418
474.294, -364.499, -56.8497, 418
480.475, -353.794, -71.4994, 418
468.824, -373.973, -426.713, 1609
481.813, -351.476, -1209.95, 1997
563.833, -209.412, -1197.71, 1104
479.344, -379.752, -427.874, 1609
491.387, -358.893, -1205.72, 1997
574.499, -214.938, -1204.34, 1104
489.644, -385.911, -428.388, 1609
501.314, -365.698, -1202.56, 1997
584.898, -220.928, -1209.68, 1104
500.271, -391.506, -428.527, 1609
510.652, -373.524, -1198.54, 1997
595.412, -226.715, -1215.36, 1104
511.122, -396.711, -428.778, 1609
520.158, -381.06, -1194.4, 1997
605.788, -232.745, -1222.25, 1104
521.888, -402.064, -428.928, 1609
529.965, -388.074, -1191.17, 1997
616.21, -238.692, -1227.55, 1104
532.813, -407.14, -429.752, 1609
539.145, -396.173, -1186.32, 1997
626.566, -244.757, -1233.69, 1104
543.577, -412.498, -429.294, 1609
548.845, -403.373, -1183.3, 1997
636.806, -251.019, -1239.46, 1104
554.051, -418.356, -430.703, 1609
558.205, -411.161, -1179.35, 1997
647.188, -257.037, -1245.25, 1104
564.938, -423.499, -431.674, 1609
567.613, -418.866, -1175.33, 1997
657.487, -263.199, -1250.94, 1104
577.026, -426.562, -1170.95, 1997
576.352, -427.729, -432.109, 1609
667.835, -269.275, -1256.97, 1104
586.469, -434.206, -1167.41, 1997
587.267, -432.824, -431.985, 1609
678.131, -275.442, -1262.58, 1104
598.325, -443.671, -1163.6, 1997
600.926, -439.166, -432.23, 1609
690.842, -283.427, -1270.25, 1104
612.034, -455.927, -1156.87, 1997
617.676, -446.153, -432.629, 1609
706.155, -292.904, -1278.99, 1104
626.063, -467.627, -1150.99, 1997
634.561, -452.907, -434.323, 1609
721.278, -302.71, -1287.37, 1104
639.988, -479.509, -1145.06, 1997
651.616, -459.368, -434.373, 1609
736.107, -313.025, -1296.97, 1104
653.614, -491.908, -1139.06, 1997
668.286, -466.495, -434.745, 1609
750.901, -323.402, -1307.22, 1104
667.267, -504.26, -1132.57, 1997
685.722, -472.295, -436.82, 1609
766.27, -332.782, -1313.6, 1104
681.301, -515.952, -1127.43, 1997
703.342, -477.775, -436.54, 1609
781.243, -342.847, -1323.31, 1104
694.987, -528.247, -1122.13, 1997
720.632, -483.828, -437.491, 1609
795.729, -353.756, -1332.9, 1104
708.295, -541.197, -1115.65, 1997
738.245, -489.323, -438.098, 1609
810.575, -364.042, -1341.81, 1104
721.52, -554.291, -1108.59, 1997
755.97, -494.622, -438.438, 1609
825.379, -374.402, -1350.36, 1104
734.954, -567.023, -1103.14, 1997
774.198, -499.049, -440.325, 1609
839.654, -385.676, -1359.29, 1104
748.832, -578.984, -1097.89, 1997
791.875, -504.433, -440.273, 1609
854.689, -395.635, -1367.76, 1104
761.549, -592.958, -1090.43, 1997
810.087, -508.888, -441.285, 1609
868.704, -407.36, -1377.3, 1104
775.681, -604.482, -1086.41, 1997
828.385, -513.194, -442.313, 1609
883.461, -417.8, -1385.2, 1104
788.439, -618.383, -1079.32, 1997
846.244, -518.262, -442.592, 1609
897.333, -429.773, -1397.66, 1104
801.072, -632.503, -1072.28, 1997
865.211, -521.411, -443.404, 1609
912.142, -440.124, -1404.01, 1104
815.119, -644.173, -1067.89, 1997
884.071, -524.744, -443.55, 1609
926.175, -451.819, -1413.16, 1104
827.799, -658.21, -1061, 1997
902.2, -529.344, -444.279, 1609
940.51, -462.989, -1422.08, 1104
840.71, -671.848, -1055.4, 1997
921.554, -531.822, -446.173, 1609
954.276, -475.145, -1432.21, 1104
852.553, -687.335, -1047.77, 1997
940.059, -535.771, -446.32, 1609
968.67, -486.214, -1439.93, 1104
866.844, -698.581, -1043.64, 1997
959.334, -538.385, -445.982, 1609
982.643, -498.012, -1448.63, 1104
878.713, -714.025, -1036.64, 1997
979.277, -539.843, -447.481, 1609
996.072, -510.753, -1459.9, 1104
891.49, -727.894, -1030.24, 1997
998.004, -543.406, -448.489, 1609
1010.35, -522.021, -1467.77, 1104
904.292, -741.72, -1024.23, 1997
1018.49, -543.93, -448.36, 1609
1024.29, -533.872, -1476.97, 1104
917.159, -755.433, -1018.55, 1997
1037.68, -546.693, -1485.77, 1104
1038.25, -545.696, -450.36, 1609
929.528, -770.01, -1012.21, 1997
1051.37, -558.979, -1494.63, 1104
1058.06, -547.387, -449.911, 1609
